celex	unidade	epigrafe	linha_ini	linha_fim	tokens	ficheiro
32024L0232	Preâmbulo		18	52	935	ue/diretivas/2024/32024L0232.md
32024L0232	Artigo 1.º		56	58	28	ue/diretivas/2024/32024L0232.md
32024L0232	Artigo 2.º		60	68	195	ue/diretivas/2024/32024L0232.md
32024L0232	Artigo 3.º		70	72	34	ue/diretivas/2024/32024L0232.md
32024L0232	Artigo 4.º		74	92	314	ue/diretivas/2024/32024L0232.md
32024L0232	ANEXO		94	99	516	ue/diretivas/2024/32024L0232.md
32024L0242	Preâmbulo		18	36	369	ue/diretivas/2024/32024L0242.md
32024L0242	Artigo 1.º		40	42	26	ue/diretivas/2024/32024L0242.md
32024L0242	Artigo 2.º		44	52	194	ue/diretivas/2024/32024L0242.md
32024L0242	Artigo 3.º		54	56	34	ue/diretivas/2024/32024L0242.md
32024L0242	Artigo 4.º		58	74	166	ue/diretivas/2024/32024L0242.md
32024L0242	ANEXO		76	392	24818	ue/diretivas/2024/32024L0242.md
32024L0299	Preâmbulo		18	40	830	ue/diretivas/2024/32024L0299.md
32024L0299	Artigo 1.º		44	46	31	ue/diretivas/2024/32024L0299.md
32024L0299	Artigo 2.º		48	54	172	ue/diretivas/2024/32024L0299.md
32024L0299	Artigo 3.º		56	58	34	ue/diretivas/2024/32024L0299.md
32024L0299	Artigo 4.º		60	76	225	ue/diretivas/2024/32024L0299.md
32024L0299	ANEXO		78	99	534	ue/diretivas/2024/32024L0299.md
32024L0325	Preâmbulo		18	44	711	ue/diretivas/2024/32024L0325.md
32024L0325	Artigo 1.º		48	57	145	ue/diretivas/2024/32024L0325.md
32024L0325	Artigo 2.º		59	65	171	ue/diretivas/2024/32024L0325.md
32024L0325	Artigo 3.º		67	69	34	ue/diretivas/2024/32024L0325.md
32024L0325	Artigo 4.º		71	93	202	ue/diretivas/2024/32024L0325.md
32024L0505	Preâmbulo		18	54	1401	ue/diretivas/2024/32024L0505.md
32024L0505	Artigo 1.º		58	67	146	ue/diretivas/2024/32024L0505.md
32024L0505	«Artigo 33.º-A	Direitos adquiridos específicos dos enfermeiros responsáveis por cuidados gerais formados na Roménia	69	91	846	ue/diretivas/2024/32024L0505.md
32024L0505	«Artigo 33.º-B	Validade dos direitos adquiridos antes de 3 de março de 2024	93	101	271	ue/diretivas/2024/32024L0505.md
32024L0505	Artigo 2.º		103	109	153	ue/diretivas/2024/32024L0505.md
32024L0505	Artigo 3.º		111	143	414	ue/diretivas/2024/32024L0505.md
32024L0782	Preâmbulo		18	56	1794	ue/diretivas/2024/32024L0782.md
32024L0782	Artigo 1.º	Alterações à Diretiva 2005/36/CE	60	126	1200	ue/diretivas/2024/32024L0782.md
32024L0782	Artigo 2.º	Transposição	128	134	177	ue/diretivas/2024/32024L0782.md
32024L0782	Artigo 3.º	Entrada em vigor	136	138	38	ue/diretivas/2024/32024L0782.md
32024L0782	Artigo 4.º	Destinatários	140	164	457	ue/diretivas/2024/32024L0782.md
32024L0782	ANEXO		166	411	1314	ue/diretivas/2024/32024L0782.md
32024L0790	Preâmbulo		18	70	5225	ue/diretivas/2024/32024L0790.md
32024L0790	Artigo 1.º	Alteração da Diretiva 2014/65/UE	74	326	4586	ue/diretivas/2024/32024L0790.md
32024L0790	Artigo 2.º	Transposição	328	334	158	ue/diretivas/2024/32024L0790.md
32024L0790	Artigo 3.º	Entrada em vigor	336	338	38	ue/diretivas/2024/32024L0790.md
32024L0790	Artigo 4.º	Destinatários	340	376	670	ue/diretivas/2024/32024L0790.md
32024L0825	Preâmbulo		18	122	10900	ue/diretivas/2024/32024L0825.md
32024L0825	Artigo 1.º	Alteração da Diretiva 2005/29/CE	126	191	1774	ue/diretivas/2024/32024L0825.md
32024L0825	Artigo 2.º	Alteração da Diretiva 2011/83/UE	193	277	1580	ue/diretivas/2024/32024L0825.md
32024L0825	«Artigo 22.º-A	Aviso harmonizado e rótulo harmonizado	279	295	361	ue/diretivas/2024/32024L0825.md
32024L0825	«Artigo 27.º-A	Procedimento de comité	297	303	150	ue/diretivas/2024/32024L0825.md
32024L0825	Artigo 3.º	Relatório da Comissão e reexame	305	311	218	ue/diretivas/2024/32024L0825.md
32024L0825	Artigo 4.º	Transposição	313	321	167	ue/diretivas/2024/32024L0825.md
32024L0825	Artigo 5.º	Entrada em vigor	323	325	38	ue/diretivas/2024/32024L0825.md
32024L0825	Artigo 6.º	Destinatários	327	375	1091	ue/diretivas/2024/32024L0825.md
32024L0825	ANEXO		377	423	652	ue/diretivas/2024/32024L0825.md
32024L0846	Preâmbulo		18	38	574	ue/diretivas/2024/32024L0846.md
32024L0846	Artigo 1.º		42	44	24	ue/diretivas/2024/32024L0846.md
32024L0846	Artigo 2.º	Transposição	46	52	176	ue/diretivas/2024/32024L0846.md
32024L0846	Artigo 3.º	Entrada em vigor	54	56	38	ue/diretivas/2024/32024L0846.md
32024L0846	Artigo 4.º	Destinatários	58	78	447	ue/diretivas/2024/32024L0846.md
32024L0846	ANEXO		80	195	3468	ue/diretivas/2024/32024L0846.md
32024L0869	Preâmbulo		18	100	6276	ue/diretivas/2024/32024L0869.md
32024L0869	Artigo 1.º		104	110	52	ue/diretivas/2024/32024L0869.md
32024L0869	Artigo 2.º		112	137	860	ue/diretivas/2024/32024L0869.md
32024L0869	Artigo 3.º		139	145	151	ue/diretivas/2024/32024L0869.md
32024L0869	Artigo 4.º		147	149	34	ue/diretivas/2024/32024L0869.md
32024L0869	Artigo 5.º		151	185	686	ue/diretivas/2024/32024L0869.md
32024L0869	ANEXO I		187	221	486	ue/diretivas/2024/32024L0869.md
32024L0869	ANEXO II		223	279	1213	ue/diretivas/2024/32024L0869.md
32024L0884	Preâmbulo		18	68	3033	ue/diretivas/2024/32024L0884.md
32024L0884	Artigo 1.º	Alteração da Diretiva 2012/19/UE	72	76	34	ue/diretivas/2024/32024L0884.md
32024L0884	«Artigo 2.º-A	Revisão	78	154	1703	ue/diretivas/2024/32024L0884.md
32024L0884	Artigo 2.º	Transposição	156	162	163	ue/diretivas/2024/32024L0884.md
32024L0884	Artigo 3.º	Entrada em vigor	164	166	38	ue/diretivas/2024/32024L0884.md
32024L0884	Artigo 4.º	Destinatários	168	202	318	ue/diretivas/2024/32024L0884.md
32024L0927	Preâmbulo		18	168	15512	ue/diretivas/2024/32024L0927.md
32024L0927	Artigo 1.º	Alteração da Diretiva 2011/61/UE	172	816	16832	ue/diretivas/2024/32024L0927.md
32024L0927	«Artigo 60.º	Divulgação de derrogações	818	842	586	ue/diretivas/2024/32024L0927.md
32024L0927	«Artigo 69.º – -A	Outra revisão	844	874	819	ue/diretivas/2024/32024L0927.md
32024L0927	Artigo 2.º	Alteração da Diretiva 2009/65/CE	876	1003	3246	ue/diretivas/2024/32024L0927.md
32024L0927	«Artigo 18.º-A		1005	1031	986	ue/diretivas/2024/32024L0927.md
32024L0927	«Artigo 20.º-A		1033	1105	2106	ue/diretivas/2024/32024L0927.md
32024L0927	Artigo 20.º-B		1107	1225	3720	ue/diretivas/2024/32024L0927.md
32024L0927	«Artigo 110.º-A		1227	1259	763	ue/diretivas/2024/32024L0927.md
32024L0927	Artigo 3.º	Transposição	1261	1269	252	ue/diretivas/2024/32024L0927.md
32024L0927	Artigo 4.º	Entrada em vigor	1271	1273	38	ue/diretivas/2024/32024L0927.md
32024L0927	Artigo 5.º	Destinatários	1275	1343	1633	ue/diretivas/2024/32024L0927.md
32024L0927	ANEXO I		1345	1352	50	ue/diretivas/2024/32024L0927.md
32024L0927	ANEXO II	«ANEXO V	1354	1376	663	ue/diretivas/2024/32024L0927.md
32024L0927	ANEXO III		1378	1383	206	ue/diretivas/2024/32024L0927.md
32024L0927	ANEXO IV	«ANEXO II-A	1385	1407	645	ue/diretivas/2024/32024L0927.md
32024L1069	Preâmbulo		22	148	10925	ue/diretivas/2024/32024L1069.md
32024L1069	Artigo 1.º	Objeto	154	156	71	ue/diretivas/2024/32024L1069.md
32024L1069	Artigo 2.º	Âmbito de aplicação	158	160	156	ue/diretivas/2024/32024L1069.md
32024L1069	Artigo 3.º	Requisitos mínimos	162	166	160	ue/diretivas/2024/32024L1069.md
32024L1069	Artigo 4.º	Definições	168	194	618	ue/diretivas/2024/32024L1069.md
32024L1069	Artigo 5.º	Questões com incidência transfronteiriça	196	200	116	ue/diretivas/2024/32024L1069.md
32024L1069	Artigo 6.º	Pedidos de garantias processuais	204	214	195	ue/diretivas/2024/32024L1069.md
32024L1069	Artigo 7.º	Tratamento acelerado dos pedidos de garantias processuais	216	220	166	ue/diretivas/2024/32024L1069.md
32024L1069	Artigo 8.º	Alteração subsequente do pedido ou dos articulados	222	226	140	ue/diretivas/2024/32024L1069.md
32024L1069	Artigo 9.º	Apoio ao demandado em processos judiciais	228	230	166	ue/diretivas/2024/32024L1069.md
32024L1069	Artigo 10.º	Caução	232	234	124	ue/diretivas/2024/32024L1069.md
32024L1069	Artigo 11.º	Indeferimento liminar	238	240	76	ue/diretivas/2024/32024L1069.md
32024L1069	Artigo 12.º	Ónus da prova e fundamentação dos pedidos	242	246	92	ue/diretivas/2024/32024L1069.md
32024L1069	Artigo 13.º	Recurso	248	250	48	ue/diretivas/2024/32024L1069.md
32024L1069	Artigo 14.º	Condenação em custas	254	258	187	ue/diretivas/2024/32024L1069.md
32024L1069	Artigo 15.º	Sanções ou outras medidas adequadas igualmente eficazes	260	262	123	ue/diretivas/2024/32024L1069.md
32024L1069	Artigo 16.º	Motivos de recusa do reconhecimento e da execução de uma decisão judicial de um país terceiro	266	268	132	ue/diretivas/2024/32024L1069.md
32024L1069	Artigo 17.º	Jurisdição para ações relacionadas com processos de países terceiros	270	274	182	ue/diretivas/2024/32024L1069.md
32024L1069	Artigo 18.º	Relações com convenções e acordos bilaterais e multilaterais	278	280	68	ue/diretivas/2024/32024L1069.md
32024L1069	Artigo 19.º	Informação e transparência	282	292	342	ue/diretivas/2024/32024L1069.md
32024L1069	Artigo 20.º	Recolha de dados	294	302	125	ue/diretivas/2024/32024L1069.md
32024L1069	Artigo 21.º	Revisão	304	306	254	ue/diretivas/2024/32024L1069.md
32024L1069	Artigo 22.º	Transposição	308	314	157	ue/diretivas/2024/32024L1069.md
32024L1069	Artigo 23.º	Entrada em vigor	316	318	38	ue/diretivas/2024/32024L1069.md
32024L1069	Artigo 24.º	Destinatários	320	354	440	ue/diretivas/2024/32024L1069.md
32024L1174	Preâmbulo		18	66	5791	ue/diretivas/2024/32024L1174.md
32024L1174	Artigo 1.º	Alteração da Diretiva 2014/59/UE	70	159	2198	ue/diretivas/2024/32024L1174.md
32024L1174	Artigo 2.º	Alteração do Regulamento (UE) n.º 806/2014	161	238	1904	ue/diretivas/2024/32024L1174.md
32024L1174	Artigo 3.º	Transposição	240	248	174	ue/diretivas/2024/32024L1174.md
32024L1174	Artigo 4.º	Entrada em vigor e aplicação	250	258	107	ue/diretivas/2024/32024L1174.md
32024L1174	Artigo 5.º	Destinatários	260	298	692	ue/diretivas/2024/32024L1174.md
32024L1203	Artigo 1.º	Objeto	28	30	80	ue/diretivas/2024/32024L1203.md
32024L1203	Artigo 2.º	Definições	32	42	350	ue/diretivas/2024/32024L1203.md
32024L1203	Artigo 3.º	Infrações penais	44	158	3732	ue/diretivas/2024/32024L1203.md
32024L1203	Artigo 4.º	Instigação, cumplicidade e tentativa	160	164	115	ue/diretivas/2024/32024L1203.md
32024L1203	Artigo 5.º	Sanções aplicáveis às pessoas singulares	166	200	718	ue/diretivas/2024/32024L1203.md
32024L1203	Artigo 6.º	Responsabilidade das pessoas coletivas	202	214	314	ue/diretivas/2024/32024L1203.md
32024L1203	Artigo 7.º	Sanções aplicáveis às pessoas coletivas	216	262	984	ue/diretivas/2024/32024L1203.md
32024L1203	Artigo 8.º	Circunstâncias agravantes	264	284	478	ue/diretivas/2024/32024L1203.md
32024L1203	Artigo 9.º	Circunstâncias atenuantes	286	296	219	ue/diretivas/2024/32024L1203.md
32024L1203	Artigo 10.º	Congelamento e perda	298	302	108	ue/diretivas/2024/32024L1203.md
32024L1203	Artigo 11.º	Prazos de prescrição	304	338	579	ue/diretivas/2024/32024L1203.md
32024L1203	Artigo 12.º	Competência jurisdicional	340	364	467	ue/diretivas/2024/32024L1203.md
32024L1203	Artigo 13.º	Instrumentos de investigação	366	368	126	ue/diretivas/2024/32024L1203.md
32024L1203	Artigo 14.º	Proteção das pessoas que denunciam infrações penais ambientais ou contribuem para a respetiva investigação	370	372	138	ue/diretivas/2024/32024L1203.md
32024L1203	Artigo 15.º	Publicação de informações de interesse público e acesso à justiça do público interessado	374	376	256	ue/diretivas/2024/32024L1203.md
32024L1203	Artigo 16.º	Prevenção	378	380	111	ue/diretivas/2024/32024L1203.md
32024L1203	Artigo 17.º	Recursos	382	384	176	ue/diretivas/2024/32024L1203.md
32024L1203	Artigo 18.º	Formação	386	388	165	ue/diretivas/2024/32024L1203.md
32024L1203	Artigo 19.º	Coordenação e cooperação entre as autoridades competentes de um Estado-Membro	390	404	321	ue/diretivas/2024/32024L1203.md
32024L1203	Artigo 20.º	Cooperação entre os Estados-Membros e a Comissão e outras instituições, órgãos ou organismos da União	406	410	248	ue/diretivas/2024/32024L1203.md
32024L1203	Artigo 21.º	Estratégia nacional	412	424	402	ue/diretivas/2024/32024L1203.md
32024L1203	Artigo 22.º	Dados estatísticos	426	454	388	ue/diretivas/2024/32024L1203.md
32024L1203	Artigo 23.º	Competências de execução	456	468	170	ue/diretivas/2024/32024L1203.md
32024L1203	Artigo 24.º	Procedimento de comité	470	476	106	ue/diretivas/2024/32024L1203.md
32024L1203	Artigo 25.º	Avaliação, comunicação de informações e revisão	478	484	282	ue/diretivas/2024/32024L1203.md
32024L1203	Artigo 26.º	Substituição da Diretiva 2008/99/CE	486	488	147	ue/diretivas/2024/32024L1203.md
32024L1203	Artigo 27.º	Substituição da Diretiva 2009/123/CE	490	496	168	ue/diretivas/2024/32024L1203.md
32024L1203	Artigo 28.º	Transposição	498	504	157	ue/diretivas/2024/32024L1203.md
32024L1203	Artigo 29.º	Entrada em vigor	506	508	38	ue/diretivas/2024/32024L1203.md
32024L1203	Artigo 30.º	Destinatários	510	562	1511	ue/diretivas/2024/32024L1203.md
32024L1226	Preâmbulo		22	126	8263	ue/diretivas/2024/32024L1226.md
32024L1226	Artigo 1.º	Objeto e âmbito de aplicação	130	132	51	ue/diretivas/2024/32024L1226.md
32024L1226	Artigo 2.º	Definições	134	164	580	ue/diretivas/2024/32024L1226.md
32024L1226	Artigo 3.º	Violação de medidas restritivas da União	166	208	1525	ue/diretivas/2024/32024L1226.md
32024L1226	Artigo 4.º	Instigação, cumplicidade e tentativa	210	214	109	ue/diretivas/2024/32024L1226.md
32024L1226	Artigo 5.º	Sanções aplicáveis às pessoas singulares	216	246	840	ue/diretivas/2024/32024L1226.md
32024L1226	Artigo 6.º	Responsabilidade das pessoas coletivas	248	260	312	ue/diretivas/2024/32024L1226.md
32024L1226	Artigo 7.º	Sanções aplicáveis às pessoas coletivas	262	296	728	ue/diretivas/2024/32024L1226.md
32024L1226	Artigo 8.º	Circunstâncias agravantes	298	314	346	ue/diretivas/2024/32024L1226.md
32024L1226	Artigo 9.º	Circunstâncias atenuantes	316	322	171	ue/diretivas/2024/32024L1226.md
32024L1226	Artigo 10.º	Congelamento e perda	324	328	207	ue/diretivas/2024/32024L1226.md
32024L1226	Artigo 11.º	Prazos de prescrição	330	342	331	ue/diretivas/2024/32024L1226.md
32024L1226	Artigo 12.º	Competência jurisdicional	344	366	461	ue/diretivas/2024/32024L1226.md
32024L1226	Artigo 13.º	Instrumentos de investigação	368	370	126	ue/diretivas/2024/32024L1226.md
32024L1226	Artigo 14.º	Denúncia de violações de medidas restritivas da União e proteção das pessoas que denunciam essas violações	372	374	108	ue/diretivas/2024/32024L1226.md
32024L1226	Artigo 15.º	Coordenação e cooperação entre as autoridades competentes de um Estado-Membro	376	386	242	ue/diretivas/2024/32024L1226.md
32024L1226	Artigo 16.º	Cooperação entre as autoridades competentes dos Estados-Membros, a Comissão, a Europol, a Eurojust e a Procuradoria Europeia	388	398	515	ue/diretivas/2024/32024L1226.md
32024L1226	Artigo 17.º	Dados estatísticos	400	424	330	ue/diretivas/2024/32024L1226.md
32024L1226	Artigo 18.º	Alteração da Diretiva (UE) 2018/1673	426	431	43	ue/diretivas/2024/32024L1226.md
32024L1226	Artigo 19.º	Avaliação, comunicação de informações e reexame	433	437	233	ue/diretivas/2024/32024L1226.md
32024L1226	Artigo 20.º	Transposição	439	445	157	ue/diretivas/2024/32024L1226.md
32024L1226	Artigo 21.º	Entrada em vigor	447	449	38	ue/diretivas/2024/32024L1226.md
32024L1226	Artigo 22.º	Destinatários	451	513	1174	ue/diretivas/2024/32024L1226.md
32024L1233	Preâmbulo		22	148	7833	ue/diretivas/2024/32024L1233.md
32024L1233	Artigo 1.º	Objeto	154	162	200	ue/diretivas/2024/32024L1233.md
32024L1233	Artigo 2.º	Definições	164	174	263	ue/diretivas/2024/32024L1233.md
32024L1233	Artigo 3.º	Âmbito de aplicação	176	216	918	ue/diretivas/2024/32024L1233.md
32024L1233	Artigo 4.º	Procedimento de pedido único	220	230	510	ue/diretivas/2024/32024L1233.md
32024L1233	Artigo 5.º	Autoridade competente	232	244	443	ue/diretivas/2024/32024L1233.md
32024L1233	Artigo 6.º	Autorização única	246	252	299	ue/diretivas/2024/32024L1233.md
32024L1233	Artigo 7.º	Autorizações de residência emitidas para fins não relacionados com trabalho	254	260	327	ue/diretivas/2024/32024L1233.md
32024L1233	Artigo 8.º	Garantias processuais	262	270	350	ue/diretivas/2024/32024L1233.md
32024L1233	Artigo 9.º	Acesso à informação	272	278	160	ue/diretivas/2024/32024L1233.md
32024L1233	Artigo 10.º	Taxas	280	282	101	ue/diretivas/2024/32024L1233.md
32024L1233	Artigo 11.º	Direitos conferidos pela autorização única	284	326	1326	ue/diretivas/2024/32024L1233.md
32024L1233	Artigo 12.º	Direito à igualdade de tratamento	330	376	1226	ue/diretivas/2024/32024L1233.md
32024L1233	Artigo 13.º	Fiscalização, avaliação, inspeções e sanções	378	384	332	ue/diretivas/2024/32024L1233.md
32024L1233	Artigo 14.º	Simplificação da apresentação de queixas e vias judiciais de recurso	386	402	369	ue/diretivas/2024/32024L1233.md
32024L1233	Artigo 15.º	Disposições mais favoráveis	406	414	160	ue/diretivas/2024/32024L1233.md
32024L1233	Artigo 16.º	Informação ao público em geral	416	424	159	ue/diretivas/2024/32024L1233.md
32024L1233	Artigo 17.º	Relatórios	426	430	276	ue/diretivas/2024/32024L1233.md
32024L1233	Artigo 18.º	Transposição	432	438	319	ue/diretivas/2024/32024L1233.md
32024L1233	Artigo 19.º	Revogação	440	444	108	ue/diretivas/2024/32024L1233.md
32024L1233	Artigo 20.º	Entrada em vigor e aplicação	446	450	147	ue/diretivas/2024/32024L1233.md
32024L1233	Artigo 21.º	Destinatários	452	518	1524	ue/diretivas/2024/32024L1233.md
32024L1233	ANEXO I	Prazo de transposição para o direito interno	520	526	46	ue/diretivas/2024/32024L1233.md
32024L1233	ANEXO II	Tabela de correspondência	528	564	294	ue/diretivas/2024/32024L1233.md
32024L1260	Preâmbulo		22	168	14306	ue/diretivas/2024/32024L1260.md
32024L1260	Artigo 1.º	Objeto	174	178	81	ue/diretivas/2024/32024L1260.md
32024L1260	Artigo 2.º	Âmbito	180	220	552	ue/diretivas/2024/32024L1260.md
32024L1260	Artigo 3.º	Definições	222	252	568	ue/diretivas/2024/32024L1260.md
32024L1260	Artigo 4.º	Investigações para a deteção de bens	256	262	250	ue/diretivas/2024/32024L1260.md
32024L1260	Artigo 5.º	Gabinetes de recuperação de bens	264	278	532	ue/diretivas/2024/32024L1260.md
32024L1260	Artigo 6.º	Acesso às informações	280	332	969	ue/diretivas/2024/32024L1260.md
32024L1260	Artigo 7.º	Condições de acesso às informações pelos gabinetes de recuperação de bens	334	340	266	ue/diretivas/2024/32024L1260.md
32024L1260	Artigo 8.º	Monitorização do acesso e das pesquisas efetuadas pelos gabinetes de recuperação de bens	342	344	91	ue/diretivas/2024/32024L1260.md
32024L1260	Artigo 9.º	Intercâmbio de informação	346	384	1342	ue/diretivas/2024/32024L1260.md
32024L1260	Artigo 10.º	Prazos para fornecer informações	386	398	380	ue/diretivas/2024/32024L1260.md
32024L1260	Artigo 11.º	Apreensão	402	412	414	ue/diretivas/2024/32024L1260.md
32024L1260	Artigo 12.º	Perda	414	418	152	ue/diretivas/2024/32024L1260.md
32024L1260	Artigo 13.º	Perda de bens de terceiros	420	430	291	ue/diretivas/2024/32024L1260.md
32024L1260	Artigo 14.º	Perda alargada	432	438	243	ue/diretivas/2024/32024L1260.md
32024L1260	Artigo 15.º	Perda não baseada numa condenação	440	452	323	ue/diretivas/2024/32024L1260.md
32024L1260	Artigo 16.º	Perda de riqueza injustificada associada a conduta criminosa	454	470	437	ue/diretivas/2024/32024L1260.md
32024L1260	Artigo 17.º	Perda e execução efetivas	472	478	194	ue/diretivas/2024/32024L1260.md
32024L1260	Artigo 18.º	Indemnização das vítimas	480	490	553	ue/diretivas/2024/32024L1260.md
32024L1260	Artigo 19.º	Novas utilizações de bens declarados perdidos	492	496	186	ue/diretivas/2024/32024L1260.md
32024L1260	Artigo 20.º	Administração de bens e planeamento	500	510	335	ue/diretivas/2024/32024L1260.md
32024L1260	Artigo 21.º	Venda antecipada	512	524	316	ue/diretivas/2024/32024L1260.md
32024L1260	Artigo 22.º	Gabinetes de administração de bens	526	536	261	ue/diretivas/2024/32024L1260.md
32024L1260	Artigo 23.º	Obrigação de informar as pessoas afetadas	540	542	172	ue/diretivas/2024/32024L1260.md
32024L1260	Artigo 24.º	Vias de recurso	544	562	841	ue/diretivas/2024/32024L1260.md
32024L1260	Artigo 25.º	Estratégia nacional de recuperação de bens	566	586	254	ue/diretivas/2024/32024L1260.md
32024L1260	Artigo 26.º	Recursos	588	590	176	ue/diretivas/2024/32024L1260.md
32024L1260	Artigo 27.º	Administração eficiente dos bens apreendidos e declarados perdidos	592	612	823	ue/diretivas/2024/32024L1260.md
32024L1260	Artigo 28.º	Estatísticas	614	638	328	ue/diretivas/2024/32024L1260.md
32024L1260	Artigo 29.º	Rede de cooperação relativa à recuperação e perda de bens	642	646	181	ue/diretivas/2024/32024L1260.md
32024L1260	Artigo 30.º	Cooperação com os organismos da União	648	652	243	ue/diretivas/2024/32024L1260.md
32024L1260	Artigo 31.º	Cooperação com países terceiros	654	658	178	ue/diretivas/2024/32024L1260.md
32024L1260	Artigo 32.º	Autoridades competentes e pontos de contacto designados	662	670	273	ue/diretivas/2024/32024L1260.md
32024L1260	Artigo 33.º	Transposição	672	678	158	ue/diretivas/2024/32024L1260.md
32024L1260	Artigo 34.º	Apresentação de relatórios	680	684	167	ue/diretivas/2024/32024L1260.md
32024L1260	Artigo 35.º	Relação com outros instrumentos	686	688	30	ue/diretivas/2024/32024L1260.md
32024L1260	Artigo 36.º	Substituição da Ação Comum 98/699/JAI, da Decisão-Quadro 2001/500/JAI, da Decisão-Quadro 2005/212/JAI, da Decisão 2007/845/JAI e da Diretiva 2014/42/UE	690	694	182	ue/diretivas/2024/32024L1260.md
32024L1260	Artigo 37.º	Entrada em vigor	696	698	38	ue/diretivas/2024/32024L1260.md
32024L1260	Artigo 38.º	Destinatários	700	808	2689	ue/diretivas/2024/32024L1260.md
32024L1262	Preâmbulo		18	44	703	ue/diretivas/2024/32024L1262.md
32024L1262	Artigo 1.º		48	50	30	ue/diretivas/2024/32024L1262.md
32024L1262	Artigo 2.º		52	60	197	ue/diretivas/2024/32024L1262.md
32024L1262	Artigo 3.º		62	64	34	ue/diretivas/2024/32024L1262.md
32024L1262	Artigo 4.º		66	78	64	ue/diretivas/2024/32024L1262.md
32024L1262	ANEXO		80	207	2917	ue/diretivas/2024/32024L1262.md
32024L1265	Preâmbulo		22	84	4463	ue/diretivas/2024/32024L1265.md
32024L1265	Artigo 1.º		88	122	529	ue/diretivas/2024/32024L1265.md
32024L1265	«Artigo 3.º		124	148	915	ue/diretivas/2024/32024L1265.md
32024L1265	«Artigo 5.º		150	171	462	ue/diretivas/2024/32024L1265.md
32024L1265	«Artigo 7.º		173	181	87	ue/diretivas/2024/32024L1265.md
32024L1265	«Artigo 8.º-A		183	245	1304	ue/diretivas/2024/32024L1265.md
32024L1265	«Artigo 10.º		247	249	59	ue/diretivas/2024/32024L1265.md
32024L1265	Artigo 11.º		251	257	130	ue/diretivas/2024/32024L1265.md
32024L1265	«Artigo 12.º		259	263	140	ue/diretivas/2024/32024L1265.md
32024L1265	«Artigo 14.º		265	273	373	ue/diretivas/2024/32024L1265.md
32024L1265	«Artigo 16.º		275	283	226	ue/diretivas/2024/32024L1265.md
32024L1265	Artigo 2.º		285	295	280	ue/diretivas/2024/32024L1265.md
32024L1265	Artigo 3.º		297	299	28	ue/diretivas/2024/32024L1265.md
32024L1265	Artigo 4.º		301	333	500	ue/diretivas/2024/32024L1265.md
32024L1275	Artigo 1.º	Objeto	28	68	609	ue/diretivas/2024/32024L1275.md
32024L1275	Artigo 2.º	Definições	70	244	4634	ue/diretivas/2024/32024L1275.md
32024L1275	Artigo 3.º	Plano nacional de renovação de edifícios	246	306	2353	ue/diretivas/2024/32024L1275.md
32024L1275	Artigo 4.º	Aprovação da metodologia de cálculo do desempenho energético dos edifícios	308	312	132	ue/diretivas/2024/32024L1275.md
32024L1275	Artigo 5.º	Estabelecimento de requisitos mínimos de desempenho energético	314	338	922	ue/diretivas/2024/32024L1275.md
32024L1275	Artigo 6.º	Cálculo dos níveis ótimos de rentabilidade dos requisitos mínimos de desempenho energético	340	354	764	ue/diretivas/2024/32024L1275.md
32024L1275	Artigo 7.º	Edifícios novos	356	382	721	ue/diretivas/2024/32024L1275.md
32024L1275	Artigo 8.º	Edifícios existentes	384	392	412	ue/diretivas/2024/32024L1275.md
32024L1275	Artigo 9.º	Normas mínimas de desempenho energético para edifícios não residenciais e trajetórias para uma renovação progressiva do parque imobiliário residencial	394	486	3453	ue/diretivas/2024/32024L1275.md
32024L1275	Artigo 10.º	Energia solar nos edifícios	488	520	876	ue/diretivas/2024/32024L1275.md
32024L1275	Artigo 11.º	Edifícios com emissões nulas	522	548	818	ue/diretivas/2024/32024L1275.md
32024L1275	Artigo 12.º	Passaporte de renovação	550	568	502	ue/diretivas/2024/32024L1275.md
32024L1275	Artigo 13.º	Sistemas técnicos dos edifícios	570	632	1930	ue/diretivas/2024/32024L1275.md
32024L1275	Artigo 14.º	Infraestruturas para a mobilidade sustentável	634	704	2414	ue/diretivas/2024/32024L1275.md
32024L1275	Artigo 15.º	Aptidão dos edifícios para tecnologias inteligentes	706	726	714	ue/diretivas/2024/32024L1275.md
32024L1275	Artigo 16.º	Intercâmbio de dados	728	744	812	ue/diretivas/2024/32024L1275.md
32024L1275	Artigo 17.º	Incentivos financeiros, competências e entraves ao mercado	746	800	2726	ue/diretivas/2024/32024L1275.md
32024L1275	Artigo 18.º	Balcões únicos para o desempenho energético dos edifícios	802	832	644	ue/diretivas/2024/32024L1275.md
32024L1275	Artigo 19.º	Certificados de desempenho energético	834	888	2165	ue/diretivas/2024/32024L1275.md
32024L1275	Artigo 20.º	Emissão dos certificados de desempenho energético	890	916	836	ue/diretivas/2024/32024L1275.md
32024L1275	Artigo 21.º	Afixação dos certificados de desempenho energético	918	924	225	ue/diretivas/2024/32024L1275.md
32024L1275	Artigo 22.º	Bases de dados relativas ao desempenho energético dos edifícios	926	944	1014	ue/diretivas/2024/32024L1275.md
32024L1275	Artigo 23.º	Inspeções	946	972	1348	ue/diretivas/2024/32024L1275.md
32024L1275	Artigo 24.º	Relatórios sobre a inspeção dos sistemas de aquecimento, de ventilação e de ar condicionado	974	984	354	ue/diretivas/2024/32024L1275.md
32024L1275	Artigo 25.º	Peritos independentes	986	992	227	ue/diretivas/2024/32024L1275.md
32024L1275	Artigo 26.º	Certificação de profissionais da construção	994	998	162	ue/diretivas/2024/32024L1275.md
32024L1275	Artigo 27.º	Sistema de controlo independente	1000	1008	322	ue/diretivas/2024/32024L1275.md
32024L1275	Artigo 28.º	Revisão	1010	1014	476	ue/diretivas/2024/32024L1275.md
32024L1275	Artigo 29.º	Informação	1016	1026	1134	ue/diretivas/2024/32024L1275.md
32024L1275	Artigo 30.º	Consulta	1028	1030	88	ue/diretivas/2024/32024L1275.md
32024L1275	Artigo 31.º	Adaptação do anexo I ao progresso técnico	1032	1034	57	ue/diretivas/2024/32024L1275.md
32024L1275	Artigo 32.º	Exercício da delegação	1036	1048	405	ue/diretivas/2024/32024L1275.md
32024L1275	Artigo 33.º	Procedimento de comité	1050	1056	102	ue/diretivas/2024/32024L1275.md
32024L1275	Artigo 34.º	Sanções	1058	1060	116	ue/diretivas/2024/32024L1275.md
32024L1275	Artigo 35.º	Transposição	1062	1070	305	ue/diretivas/2024/32024L1275.md
32024L1275	Artigo 36.º	Revogação	1072	1076	135	ue/diretivas/2024/32024L1275.md
32024L1275	Artigo 37.º	Entrada em vigor e aplicação	1078	1082	62	ue/diretivas/2024/32024L1275.md
32024L1275	Artigo 38.º	Destinatários	1084	1086	24	ue/diretivas/2024/32024L1275.md
32024L1275	ANEXO I	Quadro geral comum para a metodologia de cálculo do desempenho energético dos edifícios	1088	1180	1882	ue/diretivas/2024/32024L1275.md
32024L1275	ANEXO II	Modelo de plano nacional de renovação de edifícios	1182	1210	3691	ue/diretivas/2024/32024L1275.md
32024L1275	ANEXO III	Cálculo do PAG do ciclo de vida de edifícios novos nos termos do artigo 7.º, n.º 2	1212	1446	13596	ue/diretivas/2024/32024L1275.md
32024L1275	ANEXO IV	Quadro geral comum para classificar a aptidão para tecnologias inteligentes dos edifícios	1448	1476	1008	ue/diretivas/2024/32024L1275.md
32024L1275	ANEXO V	Modelo de certificado de desempenho energético	1478	1558	1048	ue/diretivas/2024/32024L1275.md
32024L1275	ANEXO VI	Sistemas de controlo independente dos certificados de desempenho energético	1560	1614	1284	ue/diretivas/2024/32024L1275.md
32024L1275	ANEXO VII		1616	1644	905	ue/diretivas/2024/32024L1275.md
32024L1275	ANEXO VIII	Requisitos aplicáveis aos passaportes de renovação	1646	1724	1520	ue/diretivas/2024/32024L1275.md
32024L1275	ANEXO IX		1726	1748	266	ue/diretivas/2024/32024L1275.md
32024L1275	ANEXO X	Tabela de correspondência	1750	1845	1756	ue/diretivas/2024/32024L1275.md
32024L1306	Preâmbulo		18	48	1688	ue/diretivas/2024/32024L1306.md
32024L1306	Artigo 1.º	Alteração da Diretiva 2013/34/UE	52	64	164	ue/diretivas/2024/32024L1306.md
32024L1306	Artigo 2.º	Entrada em vigor	66	68	38	ue/diretivas/2024/32024L1306.md
32024L1306	Artigo 3.º	Destinatários	70	100	424	ue/diretivas/2024/32024L1306.md
32024L1346	Artigo 1.º		30	32	38	ue/diretivas/2024/32024L1346.md
32024L1346	Artigo 2.º		34	72	1218	ue/diretivas/2024/32024L1346.md
32024L1346	Artigo 3.º		74	82	240	ue/diretivas/2024/32024L1346.md
32024L1346	Artigo 4.º		84	88	109	ue/diretivas/2024/32024L1346.md
32024L1346	Artigo 5.º		92	112	764	ue/diretivas/2024/32024L1346.md
32024L1346	Artigo 6.º		114	122	218	ue/diretivas/2024/32024L1346.md
32024L1346	Artigo 7.º		124	140	455	ue/diretivas/2024/32024L1346.md
32024L1346	Artigo 8.º		142	164	686	ue/diretivas/2024/32024L1346.md
32024L1346	Artigo 9.º		166	188	799	ue/diretivas/2024/32024L1346.md
32024L1346	Artigo 10.º		190	218	693	ue/diretivas/2024/32024L1346.md
32024L1346	Artigo 11.º		220	242	762	ue/diretivas/2024/32024L1346.md
32024L1346	Artigo 12.º		244	260	628	ue/diretivas/2024/32024L1346.md
32024L1346	Artigo 13.º		262	300	1016	ue/diretivas/2024/32024L1346.md
32024L1346	Artigo 14.º		302	306	71	ue/diretivas/2024/32024L1346.md
32024L1346	Artigo 15.º		308	312	38	ue/diretivas/2024/32024L1346.md
32024L1346	Artigo 16.º		314	328	489	ue/diretivas/2024/32024L1346.md
32024L1346	Artigo 17.º		330	374	1342	ue/diretivas/2024/32024L1346.md
32024L1346	Artigo 18.º		376	382	191	ue/diretivas/2024/32024L1346.md
32024L1346	Artigo 19.º		384	404	894	ue/diretivas/2024/32024L1346.md
32024L1346	Artigo 20.º		406	448	1319	ue/diretivas/2024/32024L1346.md
32024L1346	Artigo 21.º		450	456	241	ue/diretivas/2024/32024L1346.md
32024L1346	Artigo 22.º		458	466	334	ue/diretivas/2024/32024L1346.md
32024L1346	Artigo 23.º		470	500	731	ue/diretivas/2024/32024L1346.md
32024L1346	Artigo 24.º		504	532	284	ue/diretivas/2024/32024L1346.md
32024L1346	Artigo 25.º		534	564	1007	ue/diretivas/2024/32024L1346.md
32024L1346	Artigo 26.º		566	588	666	ue/diretivas/2024/32024L1346.md
32024L1346	Artigo 27.º		590	648	1833	ue/diretivas/2024/32024L1346.md
32024L1346	Artigo 28.º		650	658	346	ue/diretivas/2024/32024L1346.md
32024L1346	Artigo 29.º		662	690	1040	ue/diretivas/2024/32024L1346.md
32024L1346	Artigo 30.º		694	698	73	ue/diretivas/2024/32024L1346.md
32024L1346	Artigo 31.º		700	706	222	ue/diretivas/2024/32024L1346.md
32024L1346	Artigo 32.º		708	716	387	ue/diretivas/2024/32024L1346.md
32024L1346	Artigo 33.º		718	724	268	ue/diretivas/2024/32024L1346.md
32024L1346	Artigo 34.º		726	732	114	ue/diretivas/2024/32024L1346.md
32024L1346	Artigo 35.º		734	742	249	ue/diretivas/2024/32024L1346.md
32024L1346	Artigo 36.º		744	750	124	ue/diretivas/2024/32024L1346.md
32024L1346	Artigo 37.º		752	756	38	ue/diretivas/2024/32024L1346.md
32024L1346	Artigo 38.º		758	762	32	ue/diretivas/2024/32024L1346.md
32024L1346	ANEXO I		764	776	54	ue/diretivas/2024/32024L1346.md
32024L1346	ANEXO II	Tabela de correspondência	778	886	1268	ue/diretivas/2024/32024L1346.md
32024L1385	Preâmbulo		18	224	19369	ue/diretivas/2024/32024L1385.md
32024L1385	Artigo 1.º	Objeto e âmbito de aplicação	230	240	251	ue/diretivas/2024/32024L1385.md
32024L1385	Artigo 2.º	Definições	242	260	483	ue/diretivas/2024/32024L1385.md
32024L1385	Artigo 3.º	Mutilação genital feminina	264	270	106	ue/diretivas/2024/32024L1385.md
32024L1385	Artigo 4.º	Casamento forçado	272	278	92	ue/diretivas/2024/32024L1385.md
32024L1385	Artigo 5.º	Partilha não consensual de material íntimo ou manipulado	280	290	348	ue/diretivas/2024/32024L1385.md
32024L1385	Artigo 6.º	Ciberperseguição	292	294	106	ue/diretivas/2024/32024L1385.md
32024L1385	Artigo 7.º	Ciberassédio	296	306	302	ue/diretivas/2024/32024L1385.md
32024L1385	Artigo 8.º	Incitamento à violência e ao ódio em linha	308	312	139	ue/diretivas/2024/32024L1385.md
32024L1385	Artigo 9.º	Incitamento, auxílio, cumplicidade e tentativa	314	320	144	ue/diretivas/2024/32024L1385.md
32024L1385	Artigo 10.º	Sanções	322	330	172	ue/diretivas/2024/32024L1385.md
32024L1385	Artigo 11.º	Circunstâncias agravantes	332	366	536	ue/diretivas/2024/32024L1385.md
32024L1385	Artigo 12.º	Competência jurisdicional	368	386	422	ue/diretivas/2024/32024L1385.md
32024L1385	Artigo 13.º	Prazos de prescrição	388	392	159	ue/diretivas/2024/32024L1385.md
32024L1385	Artigo 14.º	Denúncia da violência contra as mulheres e da violência doméstica	396	414	875	ue/diretivas/2024/32024L1385.md
32024L1385	Artigo 15.º	Investigação e ação penal	416	426	522	ue/diretivas/2024/32024L1385.md
32024L1385	Artigo 16.º	Avaliação individual para identificar as necessidades de proteção das vítimas	428	466	868	ue/diretivas/2024/32024L1385.md
32024L1385	Artigo 17.º	Avaliação individual das necessidades de apoio das vítimas	468	472	164	ue/diretivas/2024/32024L1385.md
32024L1385	Artigo 18.º	Encaminhamento para os serviços de apoio	474	484	392	ue/diretivas/2024/32024L1385.md
32024L1385	Artigo 19.º	Decisões de interdição de emergência, decisões de afastamento e decisões de proteção	486	502	738	ue/diretivas/2024/32024L1385.md
32024L1385	Artigo 20.º	Proteção da vida privada da vítima	504	506	76	ue/diretivas/2024/32024L1385.md
32024L1385	Artigo 21.º	Orientações destinadas às autoridades responsáveis pela aplicação da lei e às autoridades competentes para o exercício da ação penal	508	534	554	ue/diretivas/2024/32024L1385.md
32024L1385	Artigo 22.º	Papel dos organismos nacionais, nomeadamente dos órgãos para a promoção da igualdade de tratamento	536	546	220	ue/diretivas/2024/32024L1385.md
32024L1385	Artigo 23.º	Medidas para suprimir determinados materiais em linha	548	566	845	ue/diretivas/2024/32024L1385.md
32024L1385	Artigo 24.º	Indemnização pelos infratores	568	572	110	ue/diretivas/2024/32024L1385.md
32024L1385	Artigo 25.º	Apoio especializado às vítimas	576	618	1335	ue/diretivas/2024/32024L1385.md
32024L1385	Artigo 26.º	Apoio especializado às vítimas de violência sexual	620	636	488	ue/diretivas/2024/32024L1385.md
32024L1385	Artigo 27.º	Apoio especializado às vítimas de mutilação genital feminina	638	644	236	ue/diretivas/2024/32024L1385.md
32024L1385	Artigo 28.º	Apoio especializado às vítimas de assédio sexual no trabalho	646	648	122	ue/diretivas/2024/32024L1385.md
32024L1385	Artigo 29.º	Linhas telefónicas de apoio às vítimas	650	668	518	ue/diretivas/2024/32024L1385.md
32024L1385	Artigo 30.º	Abrigos e outros alojamentos provisórios	670	678	373	ue/diretivas/2024/32024L1385.md
32024L1385	Artigo 31.º	Apoio às crianças vítimas	680	690	331	ue/diretivas/2024/32024L1385.md
32024L1385	Artigo 32.º	Segurança das crianças	692	696	214	ue/diretivas/2024/32024L1385.md
32024L1385	Artigo 33.º	Apoio específico às vítimas com necessidades interseccionais e grupos de risco	698	708	373	ue/diretivas/2024/32024L1385.md
32024L1385	Artigo 34.º	Medidas preventivas	712	738	928	ue/diretivas/2024/32024L1385.md
32024L1385	Artigo 35.º	Medidas específicas para prevenir a violação e promover o papel central do consentimento nas relações sexuais	740	754	533	ue/diretivas/2024/32024L1385.md
32024L1385	Artigo 36.º	Formação e informação dos profissionais	756	780	1222	ue/diretivas/2024/32024L1385.md
32024L1385	Artigo 37.º	Programas de intervenção	782	788	237	ue/diretivas/2024/32024L1385.md
32024L1385	Artigo 38.º	Políticas coordenadas e órgão de coordenação	792	800	230	ue/diretivas/2024/32024L1385.md
32024L1385	Artigo 39.º	Planos de ação nacionais para prevenir e combater a violência contra as mulheres e a violência doméstica	802	808	206	ue/diretivas/2024/32024L1385.md
32024L1385	Artigo 40.º	Coordenação e cooperação interinstitucionais	810	814	338	ue/diretivas/2024/32024L1385.md
32024L1385	Artigo 41.º	Cooperação com organizações não-governamentais	816	818	139	ue/diretivas/2024/32024L1385.md
32024L1385	Artigo 42.º	Cooperação entre prestadores de serviços intermediários	820	824	202	ue/diretivas/2024/32024L1385.md
32024L1385	Artigo 43.º	Cooperação a nível da União	826	832	179	ue/diretivas/2024/32024L1385.md
32024L1385	Artigo 44.º	Recolha de dados e investigação	834	858	600	ue/diretivas/2024/32024L1385.md
32024L1385	Artigo 45.º	Comunicação de informações e reexame	862	868	325	ue/diretivas/2024/32024L1385.md
32024L1385	Artigo 46.º	Relação com outros atos da União	870	886	132	ue/diretivas/2024/32024L1385.md
32024L1385	Artigo 47.º	Liberdade de imprensa e liberdade de expressão noutros meios de comunicação social	888	890	115	ue/diretivas/2024/32024L1385.md
32024L1385	Artigo 48.º	Cláusula de não regressão	892	894	113	ue/diretivas/2024/32024L1385.md
32024L1385	Artigo 49.º	Transposição	896	902	154	ue/diretivas/2024/32024L1385.md
32024L1385	Artigo 50.º	Entrada em vigor	904	906	38	ue/diretivas/2024/32024L1385.md
32024L1385	Artigo 51.º	Destinatários	908	966	1322	ue/diretivas/2024/32024L1385.md
32024L1405	Artigo 1.º		28	30	29	ue/diretivas/2024/32024L1405.md
32024L1405	Artigo 2.º		32	38	173	ue/diretivas/2024/32024L1405.md
32024L1405	Artigo 3.º		40	42	34	ue/diretivas/2024/32024L1405.md
32024L1405	Artigo 4.º		44	46	20	ue/diretivas/2024/32024L1405.md
32024L1405	ANEXO		48	72	546	ue/diretivas/2024/32024L1405.md
32024L1416	Preâmbulo		22	58	1532	ue/diretivas/2024/32024L1416.md
32024L1416	Artigo 1.º		62	64	28	ue/diretivas/2024/32024L1416.md
32024L1416	Artigo 2.º		66	74	193	ue/diretivas/2024/32024L1416.md
32024L1416	Artigo 3.º		76	78	34	ue/diretivas/2024/32024L1416.md
32024L1416	Artigo 4.º		80	100	482	ue/diretivas/2024/32024L1416.md
32024L1416	ANEXO		102	114	217	ue/diretivas/2024/32024L1416.md
32024L1438	Preâmbulo		18	112	7657	ue/diretivas/2024/32024L1438.md
32024L1438	Artigo 1.º	Alteração da Diretiva 2001/110/CE	116	154	882	ue/diretivas/2024/32024L1438.md
32024L1438	«Artigo 3.º		156	158	57	ue/diretivas/2024/32024L1438.md
32024L1438	Artigo 4.º		160	172	213	ue/diretivas/2024/32024L1438.md
32024L1438	«Artigo 4.º-A		174	194	633	ue/diretivas/2024/32024L1438.md
32024L1438	Artigo 4.º-B		196	233	468	ue/diretivas/2024/32024L1438.md
32024L1438	Artigo 2.º	Alteração da Diretiva 2001/112/CE	235	268	664	ue/diretivas/2024/32024L1438.md
32024L1438	«Artigo 6.º		270	306	725	ue/diretivas/2024/32024L1438.md
32024L1438	«Artigo 7.º-B		308	314	159	ue/diretivas/2024/32024L1438.md
32024L1438	Artigo 7.º-C		316	329	278	ue/diretivas/2024/32024L1438.md
32024L1438	Artigo 3.º	Alteração da Diretiva 2001/113/CE	331	360	457	ue/diretivas/2024/32024L1438.md
32024L1438	«Artigo 4.º		362	368	58	ue/diretivas/2024/32024L1438.md
32024L1438	«Artigo 6.º-A		370	401	463	ue/diretivas/2024/32024L1438.md
32024L1438	Artigo 4.º	Alteração da Diretiva 2001/114/CE	403	436	646	ue/diretivas/2024/32024L1438.md
32024L1438	Artigo 5.º	Transposição	438	446	192	ue/diretivas/2024/32024L1438.md
32024L1438	Artigo 6.º	Medidas transitórias	448	450	69	ue/diretivas/2024/32024L1438.md
32024L1438	Artigo 7.º	Entrada em vigor	452	454	38	ue/diretivas/2024/32024L1438.md
32024L1438	Artigo 8.º	Destinatários	456	508	973	ue/diretivas/2024/32024L1438.md
32024L1438	ANEXO I		510	613	2290	ue/diretivas/2024/32024L1438.md
32024L1438	ANEXO II		615	658	1149	ue/diretivas/2024/32024L1438.md
32024L1499	Artigo 1.º	Finalidade, objeto e âmbito de aplicação	28	32	156	ue/diretivas/2024/32024L1499.md
32024L1499	Artigo 2.º	Designação de organismos para a igualdade	34	38	148	ue/diretivas/2024/32024L1499.md
32024L1499	Artigo 3.º	Independência	40	48	343	ue/diretivas/2024/32024L1499.md
32024L1499	Artigo 4.º	Recursos	50	52	130	ue/diretivas/2024/32024L1499.md
32024L1499	Artigo 5.º	Sensibilização, prevenção e promoção	54	60	458	ue/diretivas/2024/32024L1499.md
32024L1499	Artigo 6.º	Assistência às vítimas	62	82	326	ue/diretivas/2024/32024L1499.md
32024L1499	Artigo 7.º	Resolução alternativa de litígios	84	86	239	ue/diretivas/2024/32024L1499.md
32024L1499	Artigo 8.º	Inquéritos	88	96	332	ue/diretivas/2024/32024L1499.md
32024L1499	Artigo 9.º	Pareceres e decisões	98	104	250	ue/diretivas/2024/32024L1499.md
32024L1499	Artigo 10.º	Resolução de litígios	106	120	380	ue/diretivas/2024/32024L1499.md
32024L1499	Artigo 11.º	Garantias processuais	122	124	86	ue/diretivas/2024/32024L1499.md
32024L1499	Artigo 12.º	Igualdade de acesso	126	132	138	ue/diretivas/2024/32024L1499.md
32024L1499	Artigo 13.º	Acessibilidade e adaptações razoáveis para as pessoas com deficiência	134	136	131	ue/diretivas/2024/32024L1499.md
32024L1499	Artigo 14.º	Cooperação	138	140	126	ue/diretivas/2024/32024L1499.md
32024L1499	Artigo 15.º	Consultas	142	146	144	ue/diretivas/2024/32024L1499.md
32024L1499	Artigo 16.º	Recolha de dados e acesso a dados relativos à igualdade	148	158	453	ue/diretivas/2024/32024L1499.md
32024L1499	Artigo 17.º	Relatórios e planeamento estratégico	160	168	163	ue/diretivas/2024/32024L1499.md
32024L1499	Artigo 18.º	Monitorização e apresentação de relatórios	170	178	543	ue/diretivas/2024/32024L1499.md
32024L1499	Artigo 19.º	Diálogo sobre o funcionamento dos organismos para a igualdade	180	186	234	ue/diretivas/2024/32024L1499.md
32024L1499	Artigo 20.º	Requisitos mínimos	188	192	110	ue/diretivas/2024/32024L1499.md
32024L1499	Artigo 21.º	Tratamento de dados pessoais	194	198	144	ue/diretivas/2024/32024L1499.md
32024L1499	Artigo 22.º	Procedimento de comité	200	204	63	ue/diretivas/2024/32024L1499.md
32024L1499	Artigo 23.º	Alterações às Diretivas 2000/43/CE e 2004/113/CE	206	208	95	ue/diretivas/2024/32024L1499.md
32024L1499	Artigo 24.º	Transposição	210	216	157	ue/diretivas/2024/32024L1499.md
32024L1499	Artigo 25.º	Entrada em vigor	218	222	54	ue/diretivas/2024/32024L1499.md
32024L1499	Artigo 26.º	Destinatários	224	226	24	ue/diretivas/2024/32024L1499.md
32024L1500	Preâmbulo		22	140	8656	ue/diretivas/2024/32024L1500.md
32024L1500	Artigo 1.º	Finalidade, objeto e âmbito de aplicação	144	150	170	ue/diretivas/2024/32024L1500.md
32024L1500	Artigo 2.º	Designação de organismos para a igualdade	152	156	141	ue/diretivas/2024/32024L1500.md
32024L1500	Artigo 3.º	Independência	158	166	343	ue/diretivas/2024/32024L1500.md
32024L1500	Artigo 4.º	Recursos	168	170	124	ue/diretivas/2024/32024L1500.md
32024L1500	Artigo 5.º	Sensibilização, prevenção e promoção	172	178	457	ue/diretivas/2024/32024L1500.md
32024L1500	Artigo 6.º	Assistência às vítimas	180	200	368	ue/diretivas/2024/32024L1500.md
32024L1500	Artigo 7.º	Resolução alternativa de litígios	202	204	239	ue/diretivas/2024/32024L1500.md
32024L1500	Artigo 8.º	Inquéritos	206	214	326	ue/diretivas/2024/32024L1500.md
32024L1500	Artigo 9.º	Pareceres e decisões	216	222	250	ue/diretivas/2024/32024L1500.md
32024L1500	Artigo 10.º	Resolução de litígios	224	238	375	ue/diretivas/2024/32024L1500.md
32024L1500	Artigo 11.º	Garantias processuais	240	242	86	ue/diretivas/2024/32024L1500.md
32024L1500	Artigo 12.º	Igualdade de acesso	244	250	137	ue/diretivas/2024/32024L1500.md
32024L1500	Artigo 13.º	Acessibilidade e adaptações razoáveis para as pessoas com deficiência	252	254	131	ue/diretivas/2024/32024L1500.md
32024L1500	Artigo 14.º	Cooperação	256	258	126	ue/diretivas/2024/32024L1500.md
32024L1500	Artigo 15.º	Consulta	260	264	138	ue/diretivas/2024/32024L1500.md
32024L1500	Artigo 16.º	Recolha de dados e acesso a dados relativos à igualdade	266	276	436	ue/diretivas/2024/32024L1500.md
32024L1500	Artigo 17.º	Relatórios e planeamento estratégico	278	286	163	ue/diretivas/2024/32024L1500.md
32024L1500	Artigo 18.º	Monitorização e apresentação de relatórios	288	296	544	ue/diretivas/2024/32024L1500.md
32024L1500	Artigo 19.º	Diálogo sobre o funcionamento dos organismos para a igualdade	298	304	234	ue/diretivas/2024/32024L1500.md
32024L1500	Artigo 20.º	Requisitos mínimos	306	310	105	ue/diretivas/2024/32024L1500.md
32024L1500	Artigo 21.º	Tratamento de dados pessoais	312	316	144	ue/diretivas/2024/32024L1500.md
32024L1500	Artigo 22.º	Procedimento de comité	318	322	63	ue/diretivas/2024/32024L1500.md
32024L1500	Artigo 23.º	Alteração das Diretivas 2006/54/CE e 2010/41/UE	324	328	94	ue/diretivas/2024/32024L1500.md
32024L1500	Artigo 24.º	Transposição	330	336	158	ue/diretivas/2024/32024L1500.md
32024L1500	Artigo 25.º	Entrada em vigor	338	342	54	ue/diretivas/2024/32024L1500.md
32024L1500	Artigo 26.º	Destinatários	344	402	1340	ue/diretivas/2024/32024L1500.md
32024L1619	Preâmbulo		18	158	18887	ue/diretivas/2024/32024L1619.md
32024L1619	Artigo 1.º	Alteração da Diretiva 2013/36/UE	162	287	1885	ue/diretivas/2024/32024L1619.md
32024L1619	«Artigo 4.º-A	Independência das autoridades competentes em matéria de supervisão	289	488	5913	ue/diretivas/2024/32024L1619.md
32024L1619	«Artigo 21.º-C	Obrigação de estabelecer uma sucursal para a prestação de serviços bancários por empresas de países terceiros	490	561	2048	ue/diretivas/2024/32024L1619.md
32024L1619	Artigo 27.º-A	Notificação e apreciação da aquisição	565	601	1536	ue/diretivas/2024/32024L1619.md
32024L1619	Artigo 27.º-B	Critérios de apreciação	603	635	993	ue/diretivas/2024/32024L1619.md
32024L1619	Artigo 27.º-C	Cooperação entre autoridades competentes	637	665	1379	ue/diretivas/2024/32024L1619.md
32024L1619	Artigo 27.º-D	Notificação de alienação	667	669	126	ue/diretivas/2024/32024L1619.md
32024L1619	Artigo 27.º-E	Obrigações de informação e sanções	671	673	161	ue/diretivas/2024/32024L1619.md
32024L1619	Artigo 27.º-F	Notificação de transferências significativas de ativos e passivos	677	699	544	ue/diretivas/2024/32024L1619.md
32024L1619	Artigo 27.º-G	Obrigações de informação e sanções	701	703	62	ue/diretivas/2024/32024L1619.md
32024L1619	Artigo 27.º-H	Âmbito de aplicação e definições	707	735	1072	ue/diretivas/2024/32024L1619.md
32024L1619	Artigo 27.º-I	Notificação e apreciação da fusão ou cisão	737	771	1201	ue/diretivas/2024/32024L1619.md
32024L1619	Artigo 27.º-J	Critérios de apreciação	773	797	914	ue/diretivas/2024/32024L1619.md
32024L1619	Artigo 27.º-K	Cooperação entre autoridades competentes	799	819	616	ue/diretivas/2024/32024L1619.md
32024L1619	Artigo 27.º-L	Obrigações de informação e sanções	821	829	230	ue/diretivas/2024/32024L1619.md
32024L1619	Artigo 47.º	Âmbito de aplicação e definições	837	855	426	ue/diretivas/2024/32024L1619.md
32024L1619	Artigo 48.º	Proibição de discriminação	857	859	81	ue/diretivas/2024/32024L1619.md
32024L1619	Artigo 48.º-A	Classificação das sucursais de países terceiros	861	879	576	ue/diretivas/2024/32024L1619.md
32024L1619	Artigo 48.º-B	Condições aplicáveis às sucursais de países terceiros qualificadas	881	897	723	ue/diretivas/2024/32024L1619.md
32024L1619	Artigo 48.º-C	Condições mínimas para a autorização de sucursais de países terceiros	903	939	1330	ue/diretivas/2024/32024L1619.md
32024L1619	Artigo 48.º-D	Condições para a recusa ou revogação da autorização de uma sucursal de país terceiro	941	969	763	ue/diretivas/2024/32024L1619.md
32024L1619	Artigo 48.º-E	Requisito de dotação de capital	973	991	680	ue/diretivas/2024/32024L1619.md
32024L1619	Artigo 48.º-F	Requisitos de liquidez	993	1001	407	ue/diretivas/2024/32024L1619.md
32024L1619	Artigo 48.º-G	Governação interna e gestão dos riscos	1003	1023	913	ue/diretivas/2024/32024L1619.md
32024L1619	Artigo 48.º-H	Requisitos de registo	1025	1041	612	ue/diretivas/2024/32024L1619.md
32024L1619	Artigo 48.º-I	Poder de exigir a criação de uma filial	1045	1077	962	ue/diretivas/2024/32024L1619.md
32024L1619	Artigo 48.º-J	Avaliação da importância sistémica e requisitos aplicáveis às sucursais de países terceiros que têm importância sistémica	1079	1109	1261	ue/diretivas/2024/32024L1619.md
32024L1619	Artigo 48.º-K	Informações regulamentares e financeiras sobre sucursais de países terceiros e sobre a empresa principal	1113	1147	947	ue/diretivas/2024/32024L1619.md
32024L1619	Artigo 48.º-L	Formulários e modelos normalizados e frequência de comunicação	1149	1161	364	ue/diretivas/2024/32024L1619.md
32024L1619	Artigo 48.º-M	Supervisão das sucursais de países terceiros e plano de atividades de supervisão	1165	1169	115	ue/diretivas/2024/32024L1619.md
32024L1619	Artigo 48.º-N	Processo de revisão e avaliação pelo supervisor	1171	1191	1243	ue/diretivas/2024/32024L1619.md
32024L1619	Artigo 48.º-O	Medidas e poderes de supervisão	1193	1215	495	ue/diretivas/2024/32024L1619.md
32024L1619	Artigo 48.º-P	Cooperação entre as autoridades competentes e colégios de autoridades de supervisão	1217	1251	916	ue/diretivas/2024/32024L1619.md
32024L1619	Artigo 48.º-Q	Notificação à EBA	1253	1263	169	ue/diretivas/2024/32024L1619.md
32024L1619	Artigo 48.º-R	Cooperação, em matéria de supervisão em base consolidada, com autoridades de supervisão de países terceiros	1267	1305	866	ue/diretivas/2024/32024L1619.md
32024L1619	«Artigo 65.º	Sanções administrativas, sanções pecuniárias compulsórias e outras medidas administrativas	1307	1345	1334	ue/diretivas/2024/32024L1619.md
32024L1619	Artigo 66.º	Sanções administrativas, sanções pecuniárias compulsórias e outras medidas administrativas a aplicar por incumprimento dos requisitos de autorização e dos requi	1347	1558	4641	ue/diretivas/2024/32024L1619.md
32024L1619	«Artigo 70.º	Aplicação efetiva de sanções administrativas e outras medidas administrativas e exercício de poderes sancionatórios pelas autoridades competentes	1560	1785	5164	ue/diretivas/2024/32024L1619.md
32024L1619	«Artigo 81.º	Risco de concentração	1787	1805	466	ue/diretivas/2024/32024L1619.md
32024L1619	«Artigo 87.º-A	Riscos ambientais, sociais e de governação	1807	1852	1500	ue/diretivas/2024/32024L1619.md
32024L1619	«Artigo 91.º	Órgão de administração e avaliação da adequação	1854	1998	4508	ue/diretivas/2024/32024L1619.md
32024L1619	«Artigo 91.º-A	Titulares de funções essenciais e avaliação da adequação	2000	2238	5413	ue/diretivas/2024/32024L1619.md
32024L1619	Artigo 110.º-A	Âmbito de aplicação aos grupos de empresas de investimento	2242	2250	180	ue/diretivas/2024/32024L1619.md
32024L1619	«Artigo 121.º	Qualificações dos membros do órgão de administração	2252	2355	2522	ue/diretivas/2024/32024L1619.md
32024L1619	Artigo 2.º	Transposição	2357	2369	346	ue/diretivas/2024/32024L1619.md
32024L1619	Artigo 3.º	Entrada em vigor e aplicação	2371	2375	67	ue/diretivas/2024/32024L1619.md
32024L1619	Artigo 4.º	Destinatários	2377	2435	1398	ue/diretivas/2024/32024L1619.md
32024L1640	Preâmbulo		22	318	36002	ue/diretivas/2024/32024L1640.md
32024L1640	Artigo 1.º	Objeto	326	342	235	ue/diretivas/2024/32024L1640.md
32024L1640	Artigo 2.º	Definições	344	370	624	ue/diretivas/2024/32024L1640.md
32024L1640	Artigo 3.º	Identificação dos setores expostos a nível nacional	374	408	1122	ue/diretivas/2024/32024L1640.md
32024L1640	Artigo 4.º	Requisitos relativos a certos prestadores de serviços	410	418	238	ue/diretivas/2024/32024L1640.md
32024L1640	Artigo 5.º	Requisitos relativos à concessão de direitos de residência em troca de investimento	420	450	865	ue/diretivas/2024/32024L1640.md
32024L1640	Artigo 6.º	Controlos da direção de topo e dos beneficiários efetivos de certas entidades obrigadas	452	478	1122	ue/diretivas/2024/32024L1640.md
32024L1640	Artigo 7.º	Avaliação do risco a nível da União	482	510	912	ue/diretivas/2024/32024L1640.md
32024L1640	Artigo 8.º	Avaliação do risco a nível nacional	512	540	1095	ue/diretivas/2024/32024L1640.md
32024L1640	Artigo 9.º	Estatísticas	542	588	1397	ue/diretivas/2024/32024L1640.md
32024L1640	Artigo 10.º	Registos centrais de beneficiários efetivos	594	686	4231	ue/diretivas/2024/32024L1640.md
32024L1640	Artigo 11.º	Regras gerais relativas ao acesso aos registos centrais por parte das autoridades competentes, dos organismos de autorregulação e das entidades obrigadas	688	714	694	ue/diretivas/2024/32024L1640.md
32024L1640	Artigo 12.º	Regras específicas de acesso de pessoas com um interesse legítimo aos registos de beneficiários efetivos	716	780	2361	ue/diretivas/2024/32024L1640.md
32024L1640	Artigo 13.º	Procedimento de verificação e reconhecimento mútuo de um interesse legítimo em aceder às informações sobre os beneficiários efetivos	782	834	1929	ue/diretivas/2024/32024L1640.md
32024L1640	Artigo 14.º	Modelos e procedimentos	836	848	343	ue/diretivas/2024/32024L1640.md
32024L1640	Artigo 15.º	Exceções às regras de acesso aos registos de beneficiários efetivos	850	854	320	ue/diretivas/2024/32024L1640.md
32024L1640	Artigo 16.º	Registos de contas bancárias e sistemas eletrónicos de extração de dados	858	910	2325	ue/diretivas/2024/32024L1640.md
32024L1640	Artigo 17.º	Atos de execução relativos à interconexão dos registos	912	946	988	ue/diretivas/2024/32024L1640.md
32024L1640	Artigo 18.º	Ponto de acesso único às informações sobre imóveis	950	1012	1100	ue/diretivas/2024/32024L1640.md
32024L1640	Artigo 19.º	Criação das UIF	1016	1052	1088	ue/diretivas/2024/32024L1640.md
32024L1640	Artigo 20.º	Provedor de direitos fundamentais	1054	1068	252	ue/diretivas/2024/32024L1640.md
32024L1640	Artigo 21.º	Acesso às informações	1070	1148	1510	ue/diretivas/2024/32024L1640.md
32024L1640	Artigo 22.º	Respostas aos pedidos de informação	1150	1158	415	ue/diretivas/2024/32024L1640.md
32024L1640	Artigo 23.º	Fornecimento de informações aos supervisores	1160	1172	415	ue/diretivas/2024/32024L1640.md
32024L1640	Artigo 24.º	Suspensão ou retirada do consentimento	1174	1196	1086	ue/diretivas/2024/32024L1640.md
32024L1640	Artigo 25.º	Instruções para controlar transações ou atividades	1198	1202	225	ue/diretivas/2024/32024L1640.md
32024L1640	Artigo 26.º	Alertas dirigidos às entidades obrigadas	1204	1216	285	ue/diretivas/2024/32024L1640.md
32024L1640	Artigo 27.º	Relatório anual das UIF	1218	1238	330	ue/diretivas/2024/32024L1640.md
32024L1640	Artigo 28.º	Retorno de informação por parte das UIF	1240	1256	510	ue/diretivas/2024/32024L1640.md
32024L1640	Artigo 29.º	Cooperação entre as UIF	1258	1260	44	ue/diretivas/2024/32024L1640.md
32024L1640	Artigo 30.º	Canais de comunicação protegidos	1262	1278	632	ue/diretivas/2024/32024L1640.md
32024L1640	Artigo 31.º	Intercâmbio de informações entre as UIF	1280	1314	1452	ue/diretivas/2024/32024L1640.md
32024L1640	Artigo 32.º	Análises conjuntas	1316	1340	586	ue/diretivas/2024/32024L1640.md
32024L1640	Artigo 33.º	Utilização pelas UIF das informações trocadas entre si	1342	1346	268	ue/diretivas/2024/32024L1640.md
32024L1640	Artigo 34.º	Consentimento para uma maior divulgação das informações trocadas entre UIF	1348	1360	632	ue/diretivas/2024/32024L1640.md
32024L1640	Artigo 35.º	Efeitos das disposições do direito penal	1362	1364	84	ue/diretivas/2024/32024L1640.md
32024L1640	Artigo 36.º	Confidencialidade das comunicações	1366	1370	191	ue/diretivas/2024/32024L1640.md
32024L1640	Artigo 37.º	Poderes e recursos dos supervisores nacionais	1376	1426	1928	ue/diretivas/2024/32024L1640.md
32024L1640	Artigo 38.º	Supervisão dos tipos de infraestruturas de certos intermediários que operam ao abrigo da liberdade de prestação de serviços	1428	1450	771	ue/diretivas/2024/32024L1640.md
32024L1640	Artigo 39.º	Fornecimento de informações a entidades obrigadas	1452	1470	502	ue/diretivas/2024/32024L1640.md
32024L1640	Artigo 40.º	Supervisão baseada no risco	1472	1506	854	ue/diretivas/2024/32024L1640.md
32024L1640	Artigo 41.º	Pontos de contacto centrais	1508	1514	351	ue/diretivas/2024/32024L1640.md
32024L1640	Artigo 42.º	Divulgação de informações às UIF	1516	1522	248	ue/diretivas/2024/32024L1640.md
32024L1640	Artigo 43.º	Fornecimento de informações às UIF	1524	1532	148	ue/diretivas/2024/32024L1640.md
32024L1640	Artigo 44.º	Princípios gerais respeitantes à cooperação em matéria de supervisão	1534	1536	133	ue/diretivas/2024/32024L1640.md
32024L1640	Artigo 45.º	Prestação de informações sobre atividades transfronteiriças	1538	1548	530	ue/diretivas/2024/32024L1640.md
32024L1640	Artigo 46.º	Disposições relativas à cooperação no contexto da supervisão de grupo	1550	1594	1306	ue/diretivas/2024/32024L1640.md
32024L1640	Artigo 47.º	Cooperação em matéria de supervisão no que respeita às entidades obrigadas que exercem atividades transfronteiras	1596	1624	1218	ue/diretivas/2024/32024L1640.md
32024L1640	Artigo 48.º	Intercâmbio de informações sobre a aplicação de políticas a nível de grupo em países terceiros	1626	1628	240	ue/diretivas/2024/32024L1640.md
32024L1640	Artigo 49.º	Colégios de supervisão em matéria de CBC/CFT no setor financeiro	1632	1690	1887	ue/diretivas/2024/32024L1640.md
32024L1640	Artigo 50.º	Colégios de supervisão em matéria de CBC/CFT no setor não financeiro	1692	1768	2565	ue/diretivas/2024/32024L1640.md
32024L1640	Artigo 51.º	Cooperação com os supervisores em países terceiros	1770	1782	438	ue/diretivas/2024/32024L1640.md
32024L1640	Artigo 52.º	Fiscalização dos organismos de autorregulação	1786	1828	1496	ue/diretivas/2024/32024L1640.md
32024L1640	Artigo 53.º	Disposições gerais	1832	1898	1584	ue/diretivas/2024/32024L1640.md
32024L1640	Artigo 54.º	Medidas de supervisão relativas aos estabelecimentos de entidades obrigadas e a determinadas atividades realizadas ao abrigo da liberdade de prestação de serviç	1900	1914	749	ue/diretivas/2024/32024L1640.md
32024L1640	Artigo 55.º	Sanções pecuniárias	1916	1942	832	ue/diretivas/2024/32024L1640.md
32024L1640	Artigo 56.º	Medidas administrativas	1944	1984	811	ue/diretivas/2024/32024L1640.md
32024L1640	Artigo 57.º	Sanções pecuniárias compulsórias	1986	1998	399	ue/diretivas/2024/32024L1640.md
32024L1640	Artigo 58.º	Publicação das sanções pecuniárias, medidas administrativas e sanções pecuniárias compulsórias	2000	2024	892	ue/diretivas/2024/32024L1640.md
32024L1640	Artigo 59.º	Intercâmbio de informações sobre sanções pecuniárias e medidas administrativas	2026	2030	246	ue/diretivas/2024/32024L1640.md
32024L1640	Artigo 60.º	Denúncia de infrações e proteção dos denunciantes	2034	2052	476	ue/diretivas/2024/32024L1640.md
32024L1640	Artigo 61.º	Disposições gerais	2058	2072	531	ue/diretivas/2024/32024L1640.md
32024L1640	Artigo 62.º	Comunicação da lista de autoridades competentes	2074	2092	392	ue/diretivas/2024/32024L1640.md
32024L1640	Artigo 63.º	Cooperação com a ACBC	2094	2096	70	ue/diretivas/2024/32024L1640.md
32024L1640	Artigo 64.º	Cooperação em relação às instituições de crédito ou instituições financeiras	2100	2122	1055	ue/diretivas/2024/32024L1640.md
32024L1640	Artigo 65.º	Cooperação em relação aos auditores	2124	2130	386	ue/diretivas/2024/32024L1640.md
32024L1640	Artigo 66.º	Cooperação com as autoridades responsáveis pela aplicação de sanções financeiras específicas	2132	2138	282	ue/diretivas/2024/32024L1640.md
32024L1640	Artigo 67.º	Exigências de sigilo profissional	2140	2164	722	ue/diretivas/2024/32024L1640.md
32024L1640	Artigo 68.º	Intercâmbio de informações entre supervisores e com outras autoridades	2166	2194	997	ue/diretivas/2024/32024L1640.md
32024L1640	Artigo 69.º	Orientações sobre a cooperação em matéria de CBC/CFT	2198	2204	225	ue/diretivas/2024/32024L1640.md
32024L1640	Artigo 70.º	Tratamento de certas categorias de dados pessoais	2208	2218	378	ue/diretivas/2024/32024L1640.md
32024L1640	Artigo 71.º	Exercício da delegação	2222	2234	385	ue/diretivas/2024/32024L1640.md
32024L1640	Artigo 72.º	Procedimento de comité	2236	2240	94	ue/diretivas/2024/32024L1640.md
32024L1640	Artigo 73.º	Gestão transitória do FIU.net	2242	2246	122	ue/diretivas/2024/32024L1640.md
32024L1640	Artigo 74.º	Alteração da Diretiva (UE) 2015/849	2248	2276	448	ue/diretivas/2024/32024L1640.md
32024L1640	Artigo 75.º	Alteração da Diretiva (UE) 2019/1937	2278	2283	119	ue/diretivas/2024/32024L1640.md
32024L1640	Artigo 76.º	Revisão	2285	2287	50	ue/diretivas/2024/32024L1640.md
32024L1640	Artigo 77.º	Revogação	2289	2293	86	ue/diretivas/2024/32024L1640.md
32024L1640	Artigo 78.º	Transposição	2295	2303	261	ue/diretivas/2024/32024L1640.md
32024L1640	Artigo 79.º	Entrada em vigor	2305	2307	38	ue/diretivas/2024/32024L1640.md
32024L1640	Artigo 80.º	Destinatários	2309	2419	3092	ue/diretivas/2024/32024L1640.md
32024L1640	ANEXO		2421	2651	2810	ue/diretivas/2024/32024L1640.md
32024L1654	Preâmbulo		18	66	2703	ue/diretivas/2024/32024L1654.md
32024L1654	Artigo 1.º		70	166	1990	ue/diretivas/2024/32024L1654.md
32024L1654	«Artigo 6.º-A	Registos de transações	168	184	564	ue/diretivas/2024/32024L1654.md
32024L1654	Artigo 2.º		186	196	218	ue/diretivas/2024/32024L1654.md
32024L1654	Artigo 3.º		198	200	34	ue/diretivas/2024/32024L1654.md
32024L1654	Artigo 4.º		202	236	714	ue/diretivas/2024/32024L1654.md
32024L1711	Preâmbulo		18	106	9820	ue/diretivas/2024/32024L1711.md
32024L1711	Artigo 1.º	Alteração da Diretiva (UE) 2018/2001	110	116	143	ue/diretivas/2024/32024L1711.md
32024L1711	Artigo 2.º	Alteração da Diretiva (UE) 2019/944	118	165	788	ue/diretivas/2024/32024L1711.md
32024L1711	«Artigo 4.º	Livre escolha do comercializador	167	173	223	ue/diretivas/2024/32024L1711.md
32024L1711	«Artigo 6.º-A	Acordos de ligação flexíveis	175	249	1458	ue/diretivas/2024/32024L1711.md
32024L1711	«Artigo 15.º-A	Direito à partilha de energia	251	325	1862	ue/diretivas/2024/32024L1711.md
32024L1711	«Artigo 18.º-A	Gestão dos riscos dos comercializadores	327	347	714	ue/diretivas/2024/32024L1711.md
32024L1711	«Artigo 27.º-A	Comercializador de último recurso	349	363	351	ue/diretivas/2024/32024L1711.md
32024L1711	«Artigo 28.º-A	Proteção contra cortes de ligação	365	445	2617	ue/diretivas/2024/32024L1711.md
32024L1711	«Artigo 66.º-A	Acesso a energia a preços comportáveis durante uma crise dos preços da eletricidade	447	495	1305	ue/diretivas/2024/32024L1711.md
32024L1711	Artigo 3.º	Transposição	497	507	222	ue/diretivas/2024/32024L1711.md
32024L1711	Artigo 4.º	Entrada em vigor	509	511	38	ue/diretivas/2024/32024L1711.md
32024L1711	Artigo 5.º	Destinatários	513	565	908	ue/diretivas/2024/32024L1711.md
32024L1712	Preâmbulo		18	112	6396	ue/diretivas/2024/32024L1712.md
32024L1712	Artigo 1.º	Alteração da Diretiva 2011/36/UE	116	169	811	ue/diretivas/2024/32024L1712.md
32024L1712	«Artigo 6.º	Sanções aplicáveis às pessoas coletivas	171	197	396	ue/diretivas/2024/32024L1712.md
32024L1712	«Artigo 8.º	Não instauração de ação penal ou não aplicação de sanções à vítima	199	271	1797	ue/diretivas/2024/32024L1712.md
32024L1712	«Artigo 11.º-A	Vítimas de tráfico que possam necessitar de proteção internacional	273	303	788	ue/diretivas/2024/32024L1712.md
32024L1712	«Artigo 17.º	Indemnização das vítimas	305	307	100	ue/diretivas/2024/32024L1712.md
32024L1712	Artigo 18.º	Prevenção	309	317	263	ue/diretivas/2024/32024L1712.md
32024L1712	«Artigo 18.º-A	Infrações relativas à utilização de serviços prestados por vítimas de tráfico de seres humanos	319	323	176	ue/diretivas/2024/32024L1712.md
32024L1712	Artigo 18.º-B	Formação	325	333	359	ue/diretivas/2024/32024L1712.md
32024L1712	«Artigo 19.º	Coordenadores nacionais da luta antitráfico ou mecanismos equivalentes e organismos independentes	335	351	503	ue/diretivas/2024/32024L1712.md
32024L1712	«Artigo 19.º-A	Recolha de dados e estatísticas	353	373	483	ue/diretivas/2024/32024L1712.md
32024L1712	Artigo 19.º-B	Plano de ação nacional de luta antitráfico	375	397	496	ue/diretivas/2024/32024L1712.md
32024L1712	«Artigo 20.º	Coordenação da estratégia da União contra o tráfico de seres humanos	399	409	318	ue/diretivas/2024/32024L1712.md
32024L1712	Artigo 2.º	Transposição	411	417	157	ue/diretivas/2024/32024L1712.md
32024L1712	Artigo 3.º	Entrada em vigor	419	421	38	ue/diretivas/2024/32024L1712.md
32024L1712	Artigo 4.º	Destinatários	423	467	722	ue/diretivas/2024/32024L1712.md
32024L1760	Artigo 1.º	Objeto	28	48	525	ue/diretivas/2024/32024L1760.md
32024L1760	Artigo 2.º	Âmbito de aplicação	50	98	1661	ue/diretivas/2024/32024L1760.md
32024L1760	Artigo 3.º	Definições	100	228	3551	ue/diretivas/2024/32024L1760.md
32024L1760	Artigo 4.º	Nível de harmonização	230	236	253	ue/diretivas/2024/32024L1760.md
32024L1760	Artigo 5.º	Dever de diligência	238	264	789	ue/diretivas/2024/32024L1760.md
32024L1760	Artigo 6.º	Apoio ao dever de diligência a nível do grupo	266	290	538	ue/diretivas/2024/32024L1760.md
32024L1760	Artigo 7.º	Integração do dever de diligência nas políticas e nos sistemas de gestão dos riscos das empresas	292	306	477	ue/diretivas/2024/32024L1760.md
32024L1760	Artigo 8.º	Identificação e avaliação dos efeitos negativos reais e potenciais	308	338	798	ue/diretivas/2024/32024L1760.md
32024L1760	Artigo 9.º	Priorização dos efeitos negativos reais e potenciais identificados	340	352	252	ue/diretivas/2024/32024L1760.md
32024L1760	Artigo 10.º	Prevenção de efeitos negativos potenciais	354	408	1988	ue/diretivas/2024/32024L1760.md
32024L1760	Artigo 11.º	Fazer cessar os efeitos negativos reais	410	470	2089	ue/diretivas/2024/32024L1760.md
32024L1760	Artigo 12.º	Reparação de efeitos negativos reais	472	476	129	ue/diretivas/2024/32024L1760.md
32024L1760	Artigo 13.º	Colaboração construtiva com as partes interessadas	478	506	697	ue/diretivas/2024/32024L1760.md
32024L1760	Artigo 14.º	Mecanismo de notificação e procedimento de reclamação	508	540	1162	ue/diretivas/2024/32024L1760.md
32024L1760	Artigo 15.º	Monitorização	542	546	286	ue/diretivas/2024/32024L1760.md
32024L1760	Artigo 16.º	Comunicação	548	566	650	ue/diretivas/2024/32024L1760.md
32024L1760	Artigo 17.º	Acessibilidade da informação no ponto de acesso único europeu	568	606	664	ue/diretivas/2024/32024L1760.md
32024L1760	Artigo 18.º	Cláusulas contratuais-tipo	608	612	87	ue/diretivas/2024/32024L1760.md
32024L1760	Artigo 19.º	Orientações	614	642	766	ue/diretivas/2024/32024L1760.md
32024L1760	Artigo 20.º	Medidas de acompanhamento	644	666	1003	ue/diretivas/2024/32024L1760.md
32024L1760	Artigo 21.º	Serviço de assistência único	668	676	130	ue/diretivas/2024/32024L1760.md
32024L1760	Artigo 23.º	Representante autorizado	678	688	582	ue/diretivas/2024/32024L1760.md
32024L1760	Artigo 24.º	Autoridades de supervisão	690	720	1084	ue/diretivas/2024/32024L1760.md
32024L1760	Artigo 25.º	Poderes das autoridades de supervisão	722	764	896	ue/diretivas/2024/32024L1760.md
32024L1760	Artigo 26.º	Denúncias fundamentadas	766	778	562	ue/diretivas/2024/32024L1760.md
32024L1760	Artigo 27.º	Sanções	780	814	752	ue/diretivas/2024/32024L1760.md
32024L1760	Artigo 28.º	Rede Europeia de Autoridades de Supervisão	816	844	1048	ue/diretivas/2024/32024L1760.md
32024L1760	Artigo 29.º	Responsabilidade civil das empresas e direito a compensação integral	846	898	1325	ue/diretivas/2024/32024L1760.md
32024L1760	Artigo 30.º	Denúncia de violações e proteção dos denunciantes	900	902	78	ue/diretivas/2024/32024L1760.md
32024L1760	Artigo 31.º	Apoio público, contratação pública e concessões públicas	904	906	176	ue/diretivas/2024/32024L1760.md
32024L1760	Artigo 32.º	Alteração da Diretiva (UE) 2019/1937	908	912	116	ue/diretivas/2024/32024L1760.md
32024L1760	Artigo 33.º	Alteração do Regulamento (UE) 2023/2859	914	918	113	ue/diretivas/2024/32024L1760.md
32024L1760	Artigo 34.º	Exercício da delegação	920	932	404	ue/diretivas/2024/32024L1760.md
32024L1760	Artigo 35.º	Procedimento de comité	934	938	74	ue/diretivas/2024/32024L1760.md
32024L1760	Artigo 36.º	Reexame e apresentação de relatórios	940	976	804	ue/diretivas/2024/32024L1760.md
32024L1760	Artigo 37.º	Transposição	978	990	241	ue/diretivas/2024/32024L1760.md
32024L1760	Artigo 38.º	Entrada em vigor	992	994	38	ue/diretivas/2024/32024L1760.md
32024L1760	Artigo 39.º	Destinatários	996	998	24	ue/diretivas/2024/32024L1760.md
32024L1760	ANEXO		1000	1192	5896	ue/diretivas/2024/32024L1760.md
32024L1785	Preâmbulo		18	162	14486	ue/diretivas/2024/32024L1785.md
32024L1785	Artigo 1.º	Alteração da Diretiva 2010/75/UE	166	302	2368	ue/diretivas/2024/32024L1785.md
32024L1785	«Artigo 7.º	Incidentes e acidentes	304	316	411	ue/diretivas/2024/32024L1785.md
32024L1785	Artigo 8.º	Incumprimento	318	495	3090	ue/diretivas/2024/32024L1785.md
32024L1785	«Artigo 14.º-A	Sistema de gestão ambiental	497	539	1194	ue/diretivas/2024/32024L1785.md
32024L1785	«Artigo 15.º	Valores-limite de emissão, valores-limite de desempenho ambiental, parâmetros equivalentes e medidas técnicas	541	633	3088	ue/diretivas/2024/32024L1785.md
32024L1785	«Artigo 15.º-A	Avaliação da conformidade	635	667	734	ue/diretivas/2024/32024L1785.md
32024L1785	«Artigo 18.º	Normas de qualidade ambiental	669	795	2030	ue/diretivas/2024/32024L1785.md
32024L1785	«Artigo 27.º	Técnicas emergentes	797	803	105	ue/diretivas/2024/32024L1785.md
32024L1785	«Artigo 27.º-A	Centro de Inovação para a Transformação e as Emissões Industriais	805	831	452	ue/diretivas/2024/32024L1785.md
32024L1785	Artigo 27.º-B	Ensaio de técnicas emergentes	833	835	122	ue/diretivas/2024/32024L1785.md
32024L1785	Artigo 27.º-C	Valores de emissão e valores indicativos de desempenho ambiental associados às técnicas emergentes	837	843	171	ue/diretivas/2024/32024L1785.md
32024L1785	Artigo 27.º-D	Transformação no sentido de uma indústria limpa, circular e com impacto neutro no clima	845	863	865	ue/diretivas/2024/32024L1785.md
32024L1785	Artigo 27.º-E	Transformação industrial profunda	865	903	926	ue/diretivas/2024/32024L1785.md
32024L1785	«Artigo 34.º-A	Instalações de combustão que fazem parte de uma pequena rede isolada	905	961	1613	ue/diretivas/2024/32024L1785.md
32024L1785	«Artigo 70.º-A	Âmbito	963	965	40	ue/diretivas/2024/32024L1785.md
32024L1785	Artigo 70.º-B	Regras de cálculo cumulativo	967	973	222	ue/diretivas/2024/32024L1785.md
32024L1785	Artigo 70.º-C	Licenças e registos	975	1011	655	ue/diretivas/2024/32024L1785.md
32024L1785	Artigo 70.º-D	Obrigações dos operadores	1013	1023	382	ue/diretivas/2024/32024L1785.md
32024L1785	Artigo 70.º-E	Monitorização	1025	1031	246	ue/diretivas/2024/32024L1785.md
32024L1785	Artigo 70.º-F	Incumprimento	1033	1041	295	ue/diretivas/2024/32024L1785.md
32024L1785	Artigo 70.º-G	Informação e participação do público	1043	1063	352	ue/diretivas/2024/32024L1785.md
32024L1785	Artigo 70.º-H	Acesso à justiça	1065	1077	285	ue/diretivas/2024/32024L1785.md
32024L1785	Artigo 70.º-I	Condições uniformes das regras de exploração	1079	1145	1362	ue/diretivas/2024/32024L1785.md
32024L1785	«Artigo 74.º	Alteração dos anexos	1147	1157	201	ue/diretivas/2024/32024L1785.md
32024L1785	«Artigo 75.º	Procedimento de comité	1159	1167	79	ue/diretivas/2024/32024L1785.md
32024L1785	«Artigo 76.º	Exercício da delegação	1169	1187	527	ue/diretivas/2024/32024L1785.md
32024L1785	«Artigo 79.º	Sanções	1189	1211	511	ue/diretivas/2024/32024L1785.md
32024L1785	«Artigo 79.º-A	Compensação	1213	1235	398	ue/diretivas/2024/32024L1785.md
32024L1785	Artigo 2.º	Alteração da Diretiva 1999/31/CE	1237	1239	28	ue/diretivas/2024/32024L1785.md
32024L1785	Artigo 3.º	Disposições transitórias	1241	1275	1914	ue/diretivas/2024/32024L1785.md
32024L1785	Artigo 4.º	Transposição	1277	1283	166	ue/diretivas/2024/32024L1785.md
32024L1785	Artigo 5.º		1285	1287	34	ue/diretivas/2024/32024L1785.md
32024L1785	Artigo 6.º		1289	1363	1766	ue/diretivas/2024/32024L1785.md
32024L1785	ANEXO I		1365	1421	1190	ue/diretivas/2024/32024L1785.md
32024L1785	ANEXO II	«ANEXO I-A	1423	1461	528	ue/diretivas/2024/32024L1785.md
32024L1785	ANEXO III	«ANEXO II	1463	1509	901	ue/diretivas/2024/32024L1785.md
32024L1785	ANEXO IV		1511	1538	266	ue/diretivas/2024/32024L1785.md
32024L1785	ANEXO V		1540	1557	268	ue/diretivas/2024/32024L1785.md
32024L1785	ANEXO VI		1559	1569	199	ue/diretivas/2024/32024L1785.md
32024L1785	ANEXO VII		1571	1578	215	ue/diretivas/2024/32024L1785.md
32024L1788	Preâmbulo		18	368	31448	ue/diretivas/2024/32024L1788.md
32024L1788	Artigo 1.º	Objeto e âmbito de aplicação	374	384	516	ue/diretivas/2024/32024L1788.md
32024L1788	Artigo 2.º	Definições	386	562	5625	ue/diretivas/2024/32024L1788.md
32024L1788	Artigo 3.º	Mercados concorrenciais de gás natural e hidrogénio, centrados no cliente, flexíveis e não discriminatórios	566	580	647	ue/diretivas/2024/32024L1788.md
32024L1788	Artigo 4.º	Preços de comercialização baseados no mercado	582	628	1745	ue/diretivas/2024/32024L1788.md
32024L1788	Artigo 5.º	Acesso a energia a preços acessíveis durante uma crise dos preços do gás natural	630	670	1158	ue/diretivas/2024/32024L1788.md
32024L1788	Artigo 6.º	Obrigações de serviço público	672	684	910	ue/diretivas/2024/32024L1788.md
32024L1788	Artigo 7.º	Promoção da cooperação e integração regionais	686	692	725	ue/diretivas/2024/32024L1788.md
32024L1788	Artigo 8.º	Procedimento de autorização	694	724	1838	ue/diretivas/2024/32024L1788.md
32024L1788	Artigo 9.º	Certificação de gases renováveis e de combustíveis hipocarbónicos	726	754	1865	ue/diretivas/2024/32024L1788.md
32024L1788	Artigo 10.º	Normas técnicas	756	760	405	ue/diretivas/2024/32024L1788.md
32024L1788	Artigo 11.º	Direitos contratuais fundamentais	764	810	1901	ue/diretivas/2024/32024L1788.md
32024L1788	Artigo 12.º	Direito à mudança e regras aplicáveis às comissões relacionadas com a mudança de comercializador	812	830	764	ue/diretivas/2024/32024L1788.md
32024L1788	Artigo 13.º	Direitos e proteção dos consumidores no que diz respeito à eliminação gradual do gás natural	832	844	490	ue/diretivas/2024/32024L1788.md
32024L1788	Artigo 14.º	Ferramentas de comparação para o gás natural	846	884	982	ue/diretivas/2024/32024L1788.md
32024L1788	Artigo 15.º	Clientes ativos no mercado do gás natural	886	914	638	ue/diretivas/2024/32024L1788.md
32024L1788	Artigo 16.º	Faturas e informações relativas à faturação	916	926	319	ue/diretivas/2024/32024L1788.md
32024L1788	Artigo 17.º	Sistemas de contagem inteligente no sistema de gás natural	928	948	1389	ue/diretivas/2024/32024L1788.md
32024L1788	Artigo 18.º	Sistemas de contagem inteligente no sistema de hidrogénio	950	962	617	ue/diretivas/2024/32024L1788.md
32024L1788	Artigo 19.º	Funcionalidades dos sistemas de contagem inteligente no sistema de gás natural	964	980	756	ue/diretivas/2024/32024L1788.md
32024L1788	Artigo 20.º	Direito a um contador inteligente para o gás natural	982	1000	528	ue/diretivas/2024/32024L1788.md
32024L1788	Artigo 21.º	Contadores convencionais para o gás natural	1002	1006	256	ue/diretivas/2024/32024L1788.md
32024L1788	Artigo 22.º	Gestão de dados	1008	1030	741	ue/diretivas/2024/32024L1788.md
32024L1788	Artigo 23.º	Requisitos de interoperabilidade e procedimentos de acesso aos dados no mercado do gás natural	1032	1038	230	ue/diretivas/2024/32024L1788.md
32024L1788	Artigo 24.º	Balcões únicos	1040	1042	286	ue/diretivas/2024/32024L1788.md
32024L1788	Artigo 25.º	Resolução extrajudicial de litígios	1044	1052	427	ue/diretivas/2024/32024L1788.md
32024L1788	Artigo 26.º	Proteção de clientes vulneráveis e dos clientes afetados pela pobreza energética	1054	1058	278	ue/diretivas/2024/32024L1788.md
32024L1788	Artigo 27.º	Pobreza energética e desativação da rede de distribuição de gás natural	1060	1062	126	ue/diretivas/2024/32024L1788.md
32024L1788	Artigo 28.º	Proteção contra o corte da ligação	1064	1078	464	ue/diretivas/2024/32024L1788.md
32024L1788	Artigo 29.º	Comercializador de último recurso	1080	1090	321	ue/diretivas/2024/32024L1788.md
32024L1788	Artigo 30.º	Acesso do gás renovável e do gás hipocarbónico ao mercado	1096	1098	124	ue/diretivas/2024/32024L1788.md
32024L1788	Artigo 31.º	Acesso de terceiros à distribuição e transporte de gás natural e aos terminais de GNL	1100	1106	342	ue/diretivas/2024/32024L1788.md
32024L1788	Artigo 32.º	Acesso às redes de gasodutos de gás natural a montante	1108	1124	875	ue/diretivas/2024/32024L1788.md
32024L1788	Artigo 33.º	Acesso às instalações de armazenamento de gás natural	1126	1142	953	ue/diretivas/2024/32024L1788.md
32024L1788	Artigo 34.º	Condutas diretas para gás natural	1144	1154	265	ue/diretivas/2024/32024L1788.md
32024L1788	Artigo 35.º	Acesso de terceiros às redes de hidrogénio	1158	1168	442	ue/diretivas/2024/32024L1788.md
32024L1788	Artigo 36.º	Acesso de terceiros aos terminais de hidrogénio	1170	1174	192	ue/diretivas/2024/32024L1788.md
32024L1788	Artigo 37.º	Acesso ao armazenamento de hidrogénio	1176	1182	499	ue/diretivas/2024/32024L1788.md
32024L1788	Artigo 38.º	Recusa de acesso e ligação	1186	1204	755	ue/diretivas/2024/32024L1788.md
32024L1788	Artigo 39.º	Funções dos operadores das redes de transporte, armazenamento ou GNL para o gás natural	1208	1236	1232	ue/diretivas/2024/32024L1788.md
32024L1788	Artigo 40.º	Confidencialidade por parte dos operadores das redes de transporte e dos proprietários das redes de transporte	1238	1244	536	ue/diretivas/2024/32024L1788.md
32024L1788	Artigo 41.º	Competências de decisão no que diz respeito à ligação de instalações de produção de gás renovável e gás hipocarbónico à rede de transporte	1246	1252	329	ue/diretivas/2024/32024L1788.md
32024L1788	Artigo 42.º	Competências de decisão no que diz respeito à ligação à rede de transporte e à rede de transporte de hidrogénio	1254	1258	312	ue/diretivas/2024/32024L1788.md
32024L1788	Artigo 43.º	Designação dos operadores das redes de distribuição e dos operadores das redes de distribuição de hidrogénio	1262	1264	173	ue/diretivas/2024/32024L1788.md
32024L1788	Artigo 44.º	Funções dos operadores das redes de distribuição	1266	1282	736	ue/diretivas/2024/32024L1788.md
32024L1788	Artigo 45.º	Competências de decisão no que diz respeito à ligação de instalações de produção de gás renovável e gás hipocarbónico à rede de distribuição	1284	1288	236	ue/diretivas/2024/32024L1788.md
32024L1788	Artigo 46.º	Separação dos operadores das redes de distribuição e dos operadores das redes de distribuição de hidrogénio	1290	1306	1520	ue/diretivas/2024/32024L1788.md
32024L1788	Artigo 47.º	Obrigação de confidencialidade por parte dos operadores das redes de distribuição	1308	1312	194	ue/diretivas/2024/32024L1788.md
32024L1788	Artigo 48.º	Redes fechadas de distribuição de gás natural	1314	1328	439	ue/diretivas/2024/32024L1788.md
32024L1788	Artigo 49.º	Operador combinado	1330	1336	195	ue/diretivas/2024/32024L1788.md
32024L1788	Artigo 50.º	Funções dos operadores das redes de hidrogénio, de armazenamento e dos terminais	1340	1364	961	ue/diretivas/2024/32024L1788.md
32024L1788	Artigo 51.º	Redes de hidrogénio existentes	1366	1382	421	ue/diretivas/2024/32024L1788.md
32024L1788	Artigo 52.º	Redes de hidrogénio geograficamente circunscritas	1384	1400	568	ue/diretivas/2024/32024L1788.md
32024L1788	Artigo 53.º	Interligações de hidrogénio com países terceiros	1402	1408	398	ue/diretivas/2024/32024L1788.md
32024L1788	Artigo 54.º	Confidencialidade dos operadores das redes de hidrogénio, das instalações de armazenamento de hidrogénio e dos terminais de hidrogénio	1410	1416	426	ue/diretivas/2024/32024L1788.md
32024L1788	Artigo 55.º	Desenvolvimento da rede de gás natural e hidrogénio e competências para tomar decisões de investimento	1420	1492	3809	ue/diretivas/2024/32024L1788.md
32024L1788	Artigo 56.º	Plano de desenvolvimento da rede de distribuição de hidrogénio	1494	1526	1644	ue/diretivas/2024/32024L1788.md
32024L1788	Artigo 57.º	Planos de desativação da rede para operadores de redes de distribuição de gás natural	1528	1560	1560	ue/diretivas/2024/32024L1788.md
32024L1788	Artigo 58.º	Taxas e custos de ligação das instalações de produção de biometano	1562	1572	441	ue/diretivas/2024/32024L1788.md
32024L1788	Artigo 59.º	Financiamento de infraestruturas transfronteiriças para o hidrogénio	1574	1590	960	ue/diretivas/2024/32024L1788.md
32024L1788	Artigo 60.º	Separação entre as redes de transporte e os operadores das redes de transporte	1596	1644	1491	ue/diretivas/2024/32024L1788.md
32024L1788	Artigo 61.º	Operadores de rede independentes	1648	1682	1164	ue/diretivas/2024/32024L1788.md
32024L1788	Artigo 62.º	Separação dos proprietários das redes de transporte, dos proprietários das redes de transporte de hidrogénio, dos operadores das redes de armazenamento de gás n	1684	1700	1147	ue/diretivas/2024/32024L1788.md
32024L1788	Artigo 63.º	Ativos, equipamento, pessoal e identidade	1704	1744	988	ue/diretivas/2024/32024L1788.md
32024L1788	Artigo 64.º	Independência do operador da rede de transporte	1746	1772	1052	ue/diretivas/2024/32024L1788.md
32024L1788	Artigo 65.º	Independência do pessoal e da gestão do operador da rede de transporte	1774	1800	1063	ue/diretivas/2024/32024L1788.md
32024L1788	Artigo 66.º	Órgão de fiscalização	1802	1810	335	ue/diretivas/2024/32024L1788.md
32024L1788	Artigo 67.º	Programa de conformidade e responsável pela conformidade	1812	1852	1308	ue/diretivas/2024/32024L1788.md
32024L1788	Artigo 68.º	Separação dos operadores das redes de transporte de hidrogénio	1856	1870	975	ue/diretivas/2024/32024L1788.md
32024L1788	Artigo 69.º	Separação horizontal dos operadores das redes de transporte de hidrogénio	1872	1884	542	ue/diretivas/2024/32024L1788.md
32024L1788	Artigo 70.º	Separação das contas dos operadores das redes de hidrogénio	1886	1888	52	ue/diretivas/2024/32024L1788.md
32024L1788	Artigo 71.º	Designação e certificação dos operadores das redes de transporte e dos operadores das redes de transporte de hidrogénio	1892	1914	760	ue/diretivas/2024/32024L1788.md
32024L1788	Artigo 72.º	Certificação relativamente a países terceiros	1916	1962	1616	ue/diretivas/2024/32024L1788.md
32024L1788	Artigo 73.º	Designação dos operadores de instalações de armazenamento de gás natural, de instalações de armazenamento de hidrogénio, de instalações de GNL e de terminais de	1964	1966	146	ue/diretivas/2024/32024L1788.md
32024L1788	Artigo 74.º	Direito de acesso à contabilidade	1970	1974	211	ue/diretivas/2024/32024L1788.md
32024L1788	Artigo 75.º	Separação contabilística	1976	1990	809	ue/diretivas/2024/32024L1788.md
32024L1788	Artigo 76.º	Designação e independência das entidades reguladoras	1994	2032	1102	ue/diretivas/2024/32024L1788.md
32024L1788	Artigo 77.º	Objetivos gerais das entidades reguladoras	2034	2052	963	ue/diretivas/2024/32024L1788.md
32024L1788	Artigo 78.º	Obrigações e competências das entidades reguladoras	2054	2212	5982	ue/diretivas/2024/32024L1788.md
32024L1788	Artigo 79.º	Decisões e reclamações	2214	2230	1054	ue/diretivas/2024/32024L1788.md
32024L1788	Artigo 80.º	Cooperação regional entre entidades reguladoras sobre questões transfronteiriças	2232	2252	686	ue/diretivas/2024/32024L1788.md
32024L1788	Artigo 81.º	Conformidade com os códigos de rede e as orientações	2254	2276	687	ue/diretivas/2024/32024L1788.md
32024L1788	Artigo 82.º	Manutenção de registos	2278	2292	658	ue/diretivas/2024/32024L1788.md
32024L1788	Artigo 83.º	Medidas de salvaguarda	2296	2298	98	ue/diretivas/2024/32024L1788.md
32024L1788	Artigo 84.º	Igualdade de condições de concorrência	2300	2306	222	ue/diretivas/2024/32024L1788.md
32024L1788	Artigo 85.º	Acordos técnicos relativos à exploração de gasodutos de gás natural e hidrogénio com países terceiros	2308	2310	168	ue/diretivas/2024/32024L1788.md
32024L1788	Artigo 86.º	Derrogações para o sistema de gás natural	2312	2328	706	ue/diretivas/2024/32024L1788.md
32024L1788	Artigo 87.º	Redes de hidrogénio em regiões isoladas	2330	2350	474	ue/diretivas/2024/32024L1788.md
32024L1788	Artigo 88.º	Derrogações às disposições relativas às condutas de transporte de gás natural com início e término em países terceiros	2352	2366	706	ue/diretivas/2024/32024L1788.md
32024L1788	Artigo 89.º	Procedimento de habilitação	2368	2408	1392	ue/diretivas/2024/32024L1788.md
32024L1788	Artigo 90.º	Exercício da delegação	2410	2422	413	ue/diretivas/2024/32024L1788.md
32024L1788	Artigo 91.º	Procedimento de comité	2424	2430	88	ue/diretivas/2024/32024L1788.md
32024L1788	Artigo 92.º	Revisão e apresentação de relatórios	2432	2438	343	ue/diretivas/2024/32024L1788.md
32024L1788	Artigo 93.º	Alteração da Diretiva (UE) 2023/1791	2440	2452	101	ue/diretivas/2024/32024L1788.md
32024L1788	Artigo 94.º	Transposição	2454	2460	293	ue/diretivas/2024/32024L1788.md
32024L1788	Artigo 95.º	Revogação	2462	2466	146	ue/diretivas/2024/32024L1788.md
32024L1788	Artigo 96.º	Entrada em vigor e aplicação	2468	2472	56	ue/diretivas/2024/32024L1788.md
32024L1788	Artigo 97.º	Destinatários	2474	2596	3320	ue/diretivas/2024/32024L1788.md
32024L1788	ANEXO I	Requisitos mínimos em matéria de faturação e informações relativas à faturação do gás natural e do hidrogénio	2598	2655	2285	ue/diretivas/2024/32024L1788.md
32024L1788	ANEXO II	Sistemas de contagem inteligente do gás natural e do hidrogénio	2657	2669	499	ue/diretivas/2024/32024L1788.md
32024L1788	ANEXO III		2671	2690	246	ue/diretivas/2024/32024L1788.md
32024L1788	ANEXO IV	Tabela de correspondência	2692	2866	1512	ue/diretivas/2024/32024L1788.md
32024L1799	Artigo 1.º	Objeto e âmbito de aplicação	32	40	204	ue/diretivas/2024/32024L1799.md
32024L1799	Artigo 2.º	Definições	42	68	472	ue/diretivas/2024/32024L1799.md
32024L1799	Artigo 3.º	Nível de harmonização	70	72	44	ue/diretivas/2024/32024L1799.md
32024L1799	Artigo 4.º	Formulário europeu de informações sobre as reparações	74	118	1046	ue/diretivas/2024/32024L1799.md
32024L1799	Artigo 5.º	Obrigação de reparação	120	146	1030	ue/diretivas/2024/32024L1799.md
32024L1799	Artigo 6.º	Informações sobre a obrigação de reparação	148	150	106	ue/diretivas/2024/32024L1799.md
32024L1799	Artigo 7.º	Plataforma europeia em linha de reparação	152	184	1166	ue/diretivas/2024/32024L1799.md
32024L1799	Artigo 8.º	Grupo de peritos	186	188	87	ue/diretivas/2024/32024L1799.md
32024L1799	Artigo 9.º	Pontos de contacto nacionais	190	208	504	ue/diretivas/2024/32024L1799.md
32024L1799	Artigo 10.º	Medidas para micro, pequenas e médias empresas	210	212	63	ue/diretivas/2024/32024L1799.md
32024L1799	Artigo 11.º	Aplicação	214	224	186	ue/diretivas/2024/32024L1799.md
32024L1799	Artigo 12.º	Informação dos consumidores	226	228	96	ue/diretivas/2024/32024L1799.md
32024L1799	Artigo 13.º	Medidas tomadas pelos Estados-Membros para promover a reparação	230	234	94	ue/diretivas/2024/32024L1799.md
32024L1799	Artigo 14.º	Caráter imperativo	236	240	117	ue/diretivas/2024/32024L1799.md
32024L1799	Artigo 15.º	Sanções	242	244	121	ue/diretivas/2024/32024L1799.md
32024L1799	Artigo 16.º	Alteração da Diretiva (UE) 2019/771	246	304	707	ue/diretivas/2024/32024L1799.md
32024L1799	Artigo 17.º	Alteração da Diretiva (UE) 2020/1828	306	314	112	ue/diretivas/2024/32024L1799.md
32024L1799	Artigo 18.º	Alteração do Regulamento (UE) 2017/2394	316	320	112	ue/diretivas/2024/32024L1799.md
32024L1799	Artigo 19.º	Relatório da Comissão e reexame	322	332	444	ue/diretivas/2024/32024L1799.md
32024L1799	Artigo 20.º	Exercício da delegação	334	346	471	ue/diretivas/2024/32024L1799.md
32024L1799	Artigo 21.º	Disposições transitórias	348	350	42	ue/diretivas/2024/32024L1799.md
32024L1799	Artigo 22.º	Transposição	352	360	177	ue/diretivas/2024/32024L1799.md
32024L1799	Artigo 23.º	Entrada em vigor	362	364	38	ue/diretivas/2024/32024L1799.md
32024L1799	Artigo 24.º	Destinatários	366	368	24	ue/diretivas/2024/32024L1799.md
32024L1799	ANEXO I	FORMULÁRIO EUROPEU DE INFORMAÇÕES SOBRE AS REPARAÇÕES	370	401	571	ue/diretivas/2024/32024L1799.md
32024L1799	ANEXO II	LISTA DOS ATOS JURÍDICOS DA UNIÃO QUE PREVEEM REQUISITOS DE REPARABILIDADE	403	455	1481	ue/diretivas/2024/32024L1799.md
32024L1986	Preâmbulo		18	44	728	ue/diretivas/2024/32024L1986.md
32024L1986	Artigo 1.º		48	53	186	ue/diretivas/2024/32024L1986.md
32024L1986	Artigo 2.º		55	63	196	ue/diretivas/2024/32024L1986.md
32024L1986	Artigo 3.º		65	67	34	ue/diretivas/2024/32024L1986.md
32024L1986	Artigo 4.º		69	87	170	ue/diretivas/2024/32024L1986.md
32024L2749	Preâmbulo		18	84	5709	ue/diretivas/2024/32024L2749.md
32024L2749	Artigo 1.º	Alteração da Diretiva 2000/14/CE	88	101	242	ue/diretivas/2024/32024L2749.md
32024L2749	«Artigo 17.º-A	Aplicação de procedimentos de emergência	103	113	418	ue/diretivas/2024/32024L2749.md
32024L2749	Artigo 17.º-B	Prioridade da avaliação da conformidade de equipamentos designados como bens relevantes em situação de crise	115	123	294	ue/diretivas/2024/32024L2749.md
32024L2749	Artigo 17.º-C	Derrogação dos procedimentos de avaliação da conformidade que exigem o envolvimento obrigatório de um organismo notificado	125	155	1472	ue/diretivas/2024/32024L2749.md
32024L2749	Artigo 17.º-D	Prioridade das atividades de fiscalização do mercado e assistência mútua entre autoridades	157	165	355	ue/diretivas/2024/32024L2749.md
32024L2749	«Artigo 18.º	Procedimento de comité	167	175	188	ue/diretivas/2024/32024L2749.md
32024L2749	Artigo 2.º	Alteração da Diretiva 2006/42/CE	177	190	248	ue/diretivas/2024/32024L2749.md
32024L2749	«Artigo 21.º-B	Aplicação de procedimentos de emergência	192	202	390	ue/diretivas/2024/32024L2749.md
32024L2749	Artigo 21.º-C	Prioridade da avaliação da conformidade de máquinas designadas como bens relevantes em situação de crise	204	212	289	ue/diretivas/2024/32024L2749.md
32024L2749	Artigo 21.º-D	Derrogação dos procedimentos de avaliação da conformidade que exigem o envolvimento obrigatório de um organismo notificado	214	244	1460	ue/diretivas/2024/32024L2749.md
32024L2749	Artigo 21.º-E	Presunção de conformidade baseada em normas e especificações comuns	246	264	1188	ue/diretivas/2024/32024L2749.md
32024L2749	Artigo 21.º-F	Prioridade das atividades de fiscalização do mercado e assistência mútua entre autoridades	266	278	512	ue/diretivas/2024/32024L2749.md
32024L2749	Artigo 3.º	Alteração da Diretiva 2010/35/UE	280	293	242	ue/diretivas/2024/32024L2749.md
32024L2749	Artigo 33.º-A	Aplicação de procedimentos de emergência	297	307	398	ue/diretivas/2024/32024L2749.md
32024L2749	Artigo 33.º-B	Prioridade da avaliação da conformidade de equipamentos sob pressão transportáveis designados como bens relevantes em situação de crise	309	317	328	ue/diretivas/2024/32024L2749.md
32024L2749	Artigo 33.º-C	Derrogação dos procedimentos de avaliação da conformidade que exigem o envolvimento obrigatório de um organismo notificado	319	349	1529	ue/diretivas/2024/32024L2749.md
32024L2749	Artigo 33.º-D	Prioridade das atividades de fiscalização do mercado e assistência mútua entre autoridades	351	359	364	ue/diretivas/2024/32024L2749.md
32024L2749	«Artigo 38.º-A	Procedimento de comité	361	369	210	ue/diretivas/2024/32024L2749.md
32024L2749	Artigo 4.º	Alteração da Diretiva 2014/29/UE	371	384	243	ue/diretivas/2024/32024L2749.md
32024L2749	Artigo 38.º-A	Aplicação de procedimentos de emergência	388	398	374	ue/diretivas/2024/32024L2749.md
32024L2749	Artigo 38.º-B	Prioridade da avaliação da conformidade de recipientes designados como bens relevantes em situação de crise	400	408	292	ue/diretivas/2024/32024L2749.md
32024L2749	Artigo 38.º-C	Derrogação dos procedimentos de avaliação da conformidade que exigem o envolvimento obrigatório de um organismo notificado	410	440	1420	ue/diretivas/2024/32024L2749.md
32024L2749	Artigo 38.º-D	Presunção de conformidade baseada em normas e especificações comuns	442	460	1122	ue/diretivas/2024/32024L2749.md
32024L2749	Artigo 38.º-E	Prioridade das atividades de fiscalização do mercado e assistência mútua entre autoridades	462	468	343	ue/diretivas/2024/32024L2749.md
32024L2749	Artigo 5.º	Alteração da Diretiva 2014/30/UE	470	483	244	ue/diretivas/2024/32024L2749.md
32024L2749	Artigo 40.º-A	Aplicação de procedimentos de emergência	487	495	339	ue/diretivas/2024/32024L2749.md
32024L2749	Artigo 40.º-B	Presunção de conformidade baseada em normas e especificações comuns	497	515	1104	ue/diretivas/2024/32024L2749.md
32024L2749	Artigo 40.º-C	Prioridade das atividades de fiscalização do mercado e assistência mútua entre autoridades	517	527	390	ue/diretivas/2024/32024L2749.md
32024L2749	Artigo 6.º	Alteração da Diretiva 2014/33/UE	529	542	242	ue/diretivas/2024/32024L2749.md
32024L2749	Artigo 41.º-A	Aplicação de procedimentos de emergência	546	556	407	ue/diretivas/2024/32024L2749.md
32024L2749	Artigo 41.º-B	Prioridade da avaliação da conformidade de ascensores e componentes de segurança para ascensores designados como bens relevantes em situação de crise	558	566	352	ue/diretivas/2024/32024L2749.md
32024L2749	Artigo 41.º-C	Derrogação dos procedimentos de avaliação da conformidade que exigem o envolvimento obrigatório de um organismo notificado	568	600	1746	ue/diretivas/2024/32024L2749.md
32024L2749	Artigo 41.º-D	Presunção de conformidade baseada em normas e especificações comuns	602	620	1232	ue/diretivas/2024/32024L2749.md
32024L2749	Artigo 41.º-E	Prioridade das atividades de fiscalização do mercado e assistência mútua entre autoridades	622	628	362	ue/diretivas/2024/32024L2749.md
32024L2749	Artigo 7.º	Alteração da Diretiva 2014/34/UE	630	643	242	ue/diretivas/2024/32024L2749.md
32024L2749	Artigo 38.º-A	Aplicação de procedimentos de emergência	647	657	388	ue/diretivas/2024/32024L2749.md
32024L2749	Artigo 38.º-B	Prioridade da avaliação da conformidade de produtos designados como bens relevantes em situação de crise	659	667	291	ue/diretivas/2024/32024L2749.md
32024L2749	Artigo 38.º-C	Derrogação dos procedimentos de avaliação da conformidade que exigem o envolvimento obrigatório de um organismo notificado	669	699	1482	ue/diretivas/2024/32024L2749.md
32024L2749	Artigo 38.º-D	Presunção de conformidade baseada em normas e especificações comuns	701	719	1171	ue/diretivas/2024/32024L2749.md
32024L2749	Artigo 38.º-E	Prioridade das atividades de fiscalização do mercado e assistência mútua entre autoridades	721	727	339	ue/diretivas/2024/32024L2749.md
32024L2749	Artigo 8.º	Alteração da Diretiva 2014/35/UE	729	742	242	ue/diretivas/2024/32024L2749.md
32024L2749	Artigo 22.º-A	Aplicação de procedimentos de emergência	746	754	344	ue/diretivas/2024/32024L2749.md
32024L2749	Artigo 22.º-B	Presunção de conformidade baseada em normas e especificações comuns	756	774	1186	ue/diretivas/2024/32024L2749.md
32024L2749	Artigo 22.º-C	Prioridade das atividades de fiscalização do mercado e assistência mútua entre autoridades	776	782	354	ue/diretivas/2024/32024L2749.md
32024L2749	Artigo 9.º	Alteração da Diretiva 2014/53/UE	784	797	244	ue/diretivas/2024/32024L2749.md
32024L2749	Artigo 43.º-A	Aplicação de procedimentos de emergência	801	811	386	ue/diretivas/2024/32024L2749.md
32024L2749	Artigo 43.º-B	Prioridade da avaliação da conformidade de equipamentos de rádio designados como bens relevantes em situação de crise	813	821	305	ue/diretivas/2024/32024L2749.md
32024L2749	Artigo 43.º-C	Derrogação dos procedimentos de avaliação da conformidade que exigem o envolvimento obrigatório de um organismo notificado	823	853	1436	ue/diretivas/2024/32024L2749.md
32024L2749	Artigo 43.º-D	Presunção de conformidade baseada em normas e especificações comuns	855	873	1158	ue/diretivas/2024/32024L2749.md
32024L2749	Artigo 43.º-E	Prioridade das atividades de fiscalização do mercado e assistência mútua entre autoridades	875	881	346	ue/diretivas/2024/32024L2749.md
32024L2749	Artigo 10.º	Alteração da Diretiva 2014/68/UE	883	896	242	ue/diretivas/2024/32024L2749.md
32024L2749	Artigo 43.º-A	Aplicação de procedimentos de emergência	900	910	409	ue/diretivas/2024/32024L2749.md
32024L2749	Artigo 43.º-B	Prioridade da avaliação da conformidade de equipamentos sob pressão e conjuntos designados como bens relevantes em situação de crise	912	920	324	ue/diretivas/2024/32024L2749.md
32024L2749	Artigo 43.º-C	Derrogação dos procedimentos de avaliação da conformidade que exigem o envolvimento obrigatório de um organismo notificado	922	952	1556	ue/diretivas/2024/32024L2749.md
32024L2749	Artigo 43.º-D	Presunção de conformidade baseada em normas e especificações comuns	954	972	1198	ue/diretivas/2024/32024L2749.md
32024L2749	Artigo 43.º-E	Prioridade das atividades de fiscalização do mercado e assistência mútua entre autoridades	974	980	353	ue/diretivas/2024/32024L2749.md
32024L2749	Artigo 11.º	Transposição	982	990	214	ue/diretivas/2024/32024L2749.md
32024L2749	Artigo 12.º	Entrada em vigor	992	994	38	ue/diretivas/2024/32024L2749.md
32024L2749	Artigo 13.º	Destinatários	996	1048	1006	ue/diretivas/2024/32024L2749.md
32024L2808	Preâmbulo		18	48	812	ue/diretivas/2024/32024L2808.md
32024L2808	Artigo 1.º		52	54	17	ue/diretivas/2024/32024L2808.md
32024L2808	Artigo 2.º		56	82	228	ue/diretivas/2024/32024L2808.md
32024L2810	Preâmbulo		18	82	5173	ue/diretivas/2024/32024L2810.md
32024L2810	Artigo 1.º	Objeto e âmbito de aplicação	86	90	139	ue/diretivas/2024/32024L2810.md
32024L2810	Artigo 2.º	Definições	92	106	286	ue/diretivas/2024/32024L2810.md
32024L2810	Artigo 3.º	Adoção ou alteração de uma estrutura de ações com voto plural antes da admissão à negociação	108	120	514	ue/diretivas/2024/32024L2810.md
32024L2810	Artigo 4.º	Garantias	122	144	660	ue/diretivas/2024/32024L2810.md
32024L2810	Artigo 5.º	Transparência	146	184	1379	ue/diretivas/2024/32024L2810.md
32024L2810	Artigo 6.º	Revisão	186	194	256	ue/diretivas/2024/32024L2810.md
32024L2810	Artigo 7.º	Transposição	196	200	174	ue/diretivas/2024/32024L2810.md
32024L2810	Artigo 8.º	Entrada em vigor	202	204	38	ue/diretivas/2024/32024L2810.md
32024L2810	Artigo 9.º	Destinatários	206	248	678	ue/diretivas/2024/32024L2810.md
32024L2811	Preâmbulo		18	72	4970	ue/diretivas/2024/32024L2811.md
32024L2811	Artigo 1.º	Alteração da Diretiva 2014/65/UE	76	193	3792	ue/diretivas/2024/32024L2811.md
32024L2811	«Artigo 51.º-A	Condições específicas relativas à admissão à negociação de ações	195	248	1667	ue/diretivas/2024/32024L2811.md
32024L2811	Artigo 2.º	Revogação da Diretiva 2001/34/CE	250	252	33	ue/diretivas/2024/32024L2811.md
32024L2811	Artigo 3.º	Transposição e aplicação	254	262	262	ue/diretivas/2024/32024L2811.md
32024L2811	Artigo 4.º	Entrada em vigor	264	266	38	ue/diretivas/2024/32024L2811.md
32024L2811	Artigo 5.º	Destinatários	268	318	1107	ue/diretivas/2024/32024L2811.md
32024L2823	Preâmbulo		22	140	7275	ue/diretivas/2024/32024L2823.md
32024L2823	Artigo 1.º	Âmbito	146	158	218	ue/diretivas/2024/32024L2823.md
32024L2823	Artigo 2.º	Definições	160	176	343	ue/diretivas/2024/32024L2823.md
32024L2823	Artigo 3.º	Requisitos de proteção	180	192	236	ue/diretivas/2024/32024L2823.md
32024L2823	Artigo 4.º	Novidade	194	196	96	ue/diretivas/2024/32024L2823.md
32024L2823	Artigo 5.º	Caráter singular	198	202	130	ue/diretivas/2024/32024L2823.md
32024L2823	Artigo 6.º	Divulgação	204	214	406	ue/diretivas/2024/32024L2823.md
32024L2823	Artigo 7.º	Desenhos ou modelos ditados pela sua função técnica e desenhos ou modelos de interconexões	216	222	248	ue/diretivas/2024/32024L2823.md
32024L2823	Artigo 8.º	Desenhos ou modelos contrários à ordem pública ou aos bons costumes	224	226	56	ue/diretivas/2024/32024L2823.md
32024L2823	Artigo 9.º	Âmbito da proteção	228	232	94	ue/diretivas/2024/32024L2823.md
32024L2823	Artigo 10.º	Início e período da proteção	234	238	122	ue/diretivas/2024/32024L2823.md
32024L2823	Artigo 11.º	Direito aos desenhos ou modelos registados	240	246	161	ue/diretivas/2024/32024L2823.md
32024L2823	Artigo 12.º	Presunção a favor do titular do direito sobre o desenho ou modelo que efetuou o registo	248	250	104	ue/diretivas/2024/32024L2823.md
32024L2823	Artigo 13.º	Fundamentos para a recusa do pedido de registo	252	264	307	ue/diretivas/2024/32024L2823.md
32024L2823	Artigo 14.º	Causas de invalidade	266	312	948	ue/diretivas/2024/32024L2823.md
32024L2823	Artigo 15.º	Objeto da proteção	314	316	44	ue/diretivas/2024/32024L2823.md
32024L2823	Artigo 16.º	Direitos conferidos pelo direito sobre desenhos ou modelos	318	334	464	ue/diretivas/2024/32024L2823.md
32024L2823	Artigo 17.º	Presunção de validade	336	340	146	ue/diretivas/2024/32024L2823.md
32024L2823	Artigo 18.º	Limitação dos direitos conferidos pelo direito sobre um desenho ou modelo	342	362	339	ue/diretivas/2024/32024L2823.md
32024L2823	Artigo 19.º	Cláusula de reparação	364	372	372	ue/diretivas/2024/32024L2823.md
32024L2823	Artigo 20.º	Esgotamento dos direitos	374	376	106	ue/diretivas/2024/32024L2823.md
32024L2823	Artigo 21.º	Direitos baseados numa utilização anterior no que se refere ao direito sobre um desenho ou modelo registado	378	382	242	ue/diretivas/2024/32024L2823.md
32024L2823	Artigo 22.º	Relação com outras formas de proteção	384	386	107	ue/diretivas/2024/32024L2823.md
32024L2823	Artigo 23.º	Relação com os direitos de autor	388	390	106	ue/diretivas/2024/32024L2823.md
32024L2823	Artigo 24.º	Símbolo de registo	392	398	116	ue/diretivas/2024/32024L2823.md
32024L2823	Artigo 25.º	Requisitos do pedido	402	416	225	ue/diretivas/2024/32024L2823.md
32024L2823	Artigo 26.º	Representação do desenho ou modelo	418	430	454	ue/diretivas/2024/32024L2823.md
32024L2823	Artigo 27.º	Pedidos múltiplos	432	434	95	ue/diretivas/2024/32024L2823.md
32024L2823	Artigo 28.º	Data de apresentação	436	442	180	ue/diretivas/2024/32024L2823.md
32024L2823	Artigo 29.º	Âmbito da análise substantiva	444	446	60	ue/diretivas/2024/32024L2823.md
32024L2823	Artigo 30.º	Adiamento da publicação	448	460	360	ue/diretivas/2024/32024L2823.md
32024L2823	Artigo 31.º	Procedimento de invalidade	462	480	355	ue/diretivas/2024/32024L2823.md
32024L2823	Artigo 32.º	Renovação	482	494	368	ue/diretivas/2024/32024L2823.md
32024L2823	Artigo 33.º	Comunicação com o instituto	496	498	78	ue/diretivas/2024/32024L2823.md
32024L2823	Artigo 34.º	Cooperação no domínio do registo, gestão e invalidação de desenhos ou modelos	502	504	88	ue/diretivas/2024/32024L2823.md
32024L2823	Artigo 35.º	Cooperação noutros domínios	506	508	80	ue/diretivas/2024/32024L2823.md
32024L2823	Artigo 36.º	Transposição	512	518	268	ue/diretivas/2024/32024L2823.md
32024L2823	Artigo 37.º	Revogação	520	524	108	ue/diretivas/2024/32024L2823.md
32024L2823	Artigo 38.º	Entrada em vigor	526	530	66	ue/diretivas/2024/32024L2823.md
32024L2823	Artigo 39.º	Destinatários	532	564	432	ue/diretivas/2024/32024L2823.md
32024L2823	ANEXO I	Prazo de transposição para o direito nacional (referido no artigo 37.º)	566	570	42	ue/diretivas/2024/32024L2823.md
32024L2823	ANEXO II	Tabela de correspondência	572	608	308	ue/diretivas/2024/32024L2823.md
32024L2831	Preâmbulo		25	189	18162	ue/diretivas/2024/32024L2831.md
32024L2831	Artigo 1.º	Objeto e âmbito de aplicação	195	209	417	ue/diretivas/2024/32024L2831.md
32024L2831	Artigo 2.º	Definições	211	245	1011	ue/diretivas/2024/32024L2831.md
32024L2831	Artigo 3.º	Intermediários	247	249	160	ue/diretivas/2024/32024L2831.md
32024L2831	Artigo 4.º	Determinação do estatuto profissional correto	253	259	318	ue/diretivas/2024/32024L2831.md
32024L2831	Artigo 5.º	Presunção legal	261	275	661	ue/diretivas/2024/32024L2831.md
32024L2831	Artigo 6.º	Medidas de apoio	277	287	448	ue/diretivas/2024/32024L2831.md
32024L2831	Artigo 7.º	Limitações ao tratamento de dados pessoais por meio de sistemas automatizados de monitorização ou sistemas automatizados de tomada de decisões	291	309	552	ue/diretivas/2024/32024L2831.md
32024L2831	Artigo 8.º	Avaliação de impacto sobre a proteção de dados	311	315	292	ue/diretivas/2024/32024L2831.md
32024L2831	Artigo 9.º	Transparência relativa aos sistemas automatizados de monitorização e sistemas automatizados de tomada de decisões	317	371	1367	ue/diretivas/2024/32024L2831.md
32024L2831	Artigo 10.º	Supervisão humana dos sistemas automatizados de monitorização e dos sistemas automatizados de tomada de decisões	373	383	658	ue/diretivas/2024/32024L2831.md
32024L2831	Artigo 11.º	Revisão humana	385	397	810	ue/diretivas/2024/32024L2831.md
32024L2831	Artigo 12.º	Segurança e saúde	399	415	486	ue/diretivas/2024/32024L2831.md
32024L2831	Artigo 13.º	Informação e consulta	417	425	362	ue/diretivas/2024/32024L2831.md
32024L2831	Artigo 14.º	Prestação de informações aos trabalhadores	427	429	175	ue/diretivas/2024/32024L2831.md
32024L2831	Artigo 15.º	Disposições específicas aplicáveis aos representantes das pessoas que trabalham em plataformas digitais que não os representantes dos trabalhadores de plataform	431	433	174	ue/diretivas/2024/32024L2831.md
32024L2831	Artigo 16.º	Declaração de trabalho em plataformas digitais	437	441	148	ue/diretivas/2024/32024L2831.md
32024L2831	Artigo 17.º	Acesso a informações pertinentes sobre o trabalho em plataformas digitais	443	463	601	ue/diretivas/2024/32024L2831.md
32024L2831	Artigo 18.º	Direito de recurso	467	469	128	ue/diretivas/2024/32024L2831.md
32024L2831	Artigo 19.º	Procedimentos em nome ou em apoio das pessoas que trabalham em plataformas digitais	471	473	221	ue/diretivas/2024/32024L2831.md
32024L2831	Artigo 20.º	Canais de comunicação para as pessoas que trabalham em plataformas digitais	475	477	192	ue/diretivas/2024/32024L2831.md
32024L2831	Artigo 21.º	Acesso aos elementos de prova	479	483	178	ue/diretivas/2024/32024L2831.md
32024L2831	Artigo 22.º	Proteção contra formas de tratamento desfavorável ou consequências adversas	485	487	138	ue/diretivas/2024/32024L2831.md
32024L2831	Artigo 23.º	Proteção contra o despedimento e ónus da prova	489	499	416	ue/diretivas/2024/32024L2831.md
32024L2831	Artigo 24.º	Fiscalização e sanções	501	515	622	ue/diretivas/2024/32024L2831.md
32024L2831	Artigo 25.º	Promoção da negociação coletiva no trabalho em plataformas digitais	519	521	152	ue/diretivas/2024/32024L2831.md
32024L2831	Artigo 26.º	Cláusula de não regressão e disposições mais favoráveis	523	529	260	ue/diretivas/2024/32024L2831.md
32024L2831	Artigo 27.º	Divulgação de informações	531	533	157	ue/diretivas/2024/32024L2831.md
32024L2831	Artigo 28.º	Convenções coletivas e regras específicas sobre o tratamento de dados pessoais	535	537	231	ue/diretivas/2024/32024L2831.md
32024L2831	Artigo 29.º	Transposição e aplicação	539	549	296	ue/diretivas/2024/32024L2831.md
32024L2831	Artigo 30.º	Reexame pela Comissão	551	553	141	ue/diretivas/2024/32024L2831.md
32024L2831	Artigo 31.º	Entrada em vigor	555	557	38	ue/diretivas/2024/32024L2831.md
32024L2831	Artigo 32.º	Destinatários	559	649	1274	ue/diretivas/2024/32024L2831.md
32024L2839	Preâmbulo		22	58	1848	ue/diretivas/2024/32024L2839.md
32024L2839	Artigo 1.º	Alteração da Diretiva 1999/2/CE	62	68	147	ue/diretivas/2024/32024L2839.md
32024L2839	Artigo 2.º	Alteração da Diretiva 2000/14/CE	70	76	47	ue/diretivas/2024/32024L2839.md
32024L2839	Artigo 3.º	Alteração da Diretiva 2011/24/UE	78	82	82	ue/diretivas/2024/32024L2839.md
32024L2839	Artigo 4.º	Alteração da Diretiva 2014/53/UE	84	88	170	ue/diretivas/2024/32024L2839.md
32024L2839	Artigo 5.º	Transposição	90	98	194	ue/diretivas/2024/32024L2839.md
32024L2839	Artigo 6.º	Entrada em vigor	100	102	38	ue/diretivas/2024/32024L2839.md
32024L2839	Artigo 7.º	Destinatários	104	140	734	ue/diretivas/2024/32024L2839.md
32024L2841	Preâmbulo		18	136	11448	ue/diretivas/2024/32024L2841.md
32024L2841	Artigo 1.º	Objeto	142	150	439	ue/diretivas/2024/32024L2841.md
32024L2841	Artigo 2.º	Âmbito de aplicação	152	182	1036	ue/diretivas/2024/32024L2841.md
32024L2841	Artigo 3.º	Definições	184	202	533	ue/diretivas/2024/32024L2841.md
32024L2841	Artigo 4.º	Beneficiários	204	212	418	ue/diretivas/2024/32024L2841.md
32024L2841	Artigo 5.º	Igualdade de acesso das pessoas com deficiência a condições especiais ou tratamento preferencial	214	218	399	ue/diretivas/2024/32024L2841.md
32024L2841	Artigo 6.º	Igualdade de acesso das pessoas com deficiência a facilidades e condições de estacionamento	220	224	325	ue/diretivas/2024/32024L2841.md
32024L2841	Artigo 7.º	Formato, reconhecimento mútuo, emissão e validade do cartão europeu de deficiência	228	248	1304	ue/diretivas/2024/32024L2841.md
32024L2841	Artigo 8.º	Formato, reconhecimento mútuo, emissão e validade do cartão europeu de estacionamento para pessoas com deficiência	250	270	1410	ue/diretivas/2024/32024L2841.md
32024L2841	Artigo 9.º	Versões digitais e especificações técnicas comuns	274	282	364	ue/diretivas/2024/32024L2841.md
32024L2841	Artigo 10.º	Vigilância e conformidade	284	290	328	ue/diretivas/2024/32024L2841.md
32024L2841	Artigo 11.º	Acessibilidade da informação e sensibilização	292	300	502	ue/diretivas/2024/32024L2841.md
32024L2841	Artigo 12.º	Autoridades ou organismos competentes e pontos de contacto	302	306	153	ue/diretivas/2024/32024L2841.md
32024L2841	Artigo 13.º	Organizações representativas das pessoas com deficiência	308	310	86	ue/diretivas/2024/32024L2841.md
32024L2841	Artigo 14.º	Exercício da delegação	314	326	485	ue/diretivas/2024/32024L2841.md
32024L2841	Artigo 15.º	Procedimento de comité	328	332	63	ue/diretivas/2024/32024L2841.md
32024L2841	Artigo 16.º	Aplicação e vias de recurso	336	350	424	ue/diretivas/2024/32024L2841.md
32024L2841	Artigo 17.º	Incumprimento e sanções	352	356	140	ue/diretivas/2024/32024L2841.md
32024L2841	Artigo 18.º	Acesso à informação	358	368	568	ue/diretivas/2024/32024L2841.md
32024L2841	Artigo 19.º	Página Web da União	370	374	231	ue/diretivas/2024/32024L2841.md
32024L2841	Artigo 20.º	Relatórios e avaliação	376	388	484	ue/diretivas/2024/32024L2841.md
32024L2841	Artigo 21.º	Transposição	390	396	154	ue/diretivas/2024/32024L2841.md
32024L2841	Artigo 22.º	Entrada em vigor	398	400	38	ue/diretivas/2024/32024L2841.md
32024L2841	Artigo 23.º	Destinatários	402	472	1518	ue/diretivas/2024/32024L2841.md
32024L2841	ANEXO I	FORMATO DO CARTÃO EUROPEU DE DEFICIÊNCIA	474	518	810	ue/diretivas/2024/32024L2841.md
32024L2841	ANEXO II	FORMATO DO CARTÃO EUROPEU DE ESTACIONAMENTO PARA PESSOAS COM DEFICIÊNCIA	520	582	885	ue/diretivas/2024/32024L2841.md
32024L2842	Preâmbulo		18	60	2460	ue/diretivas/2024/32024L2842.md
32024L2842	Artigo 1.º		64	66	174	ue/diretivas/2024/32024L2842.md
32024L2842	Artigo 2.º		68	70	46	ue/diretivas/2024/32024L2842.md
32024L2842	Artigo 3.º		72	74	44	ue/diretivas/2024/32024L2842.md
32024L2842	Artigo 4.º		76	78	53	ue/diretivas/2024/32024L2842.md
32024L2842	Artigo 5.º		80	82	41	ue/diretivas/2024/32024L2842.md
32024L2842	Artigo 6.º		84	90	150	ue/diretivas/2024/32024L2842.md
32024L2842	Artigo 7.º		92	94	34	ue/diretivas/2024/32024L2842.md
32024L2842	Artigo 8.º		96	134	675	ue/diretivas/2024/32024L2842.md
32024L2853	Artigo 1.º	Objeto e objetivo	33	37	112	ue/diretivas/2024/32024L2853.md
32024L2853	Artigo 2.º	Âmbito de aplicação	39	57	300	ue/diretivas/2024/32024L2853.md
32024L2853	Artigo 3.º	Nível de harmonização	59	61	99	ue/diretivas/2024/32024L2853.md
32024L2853	Artigo 4.º	Definições	63	123	1152	ue/diretivas/2024/32024L2853.md
32024L2853	Artigo 5.º	Direito a indemnização	127	135	156	ue/diretivas/2024/32024L2853.md
32024L2853	Artigo 6.º	Danos	137	155	288	ue/diretivas/2024/32024L2853.md
32024L2853	Artigo 7.º	Produto defeituoso	157	181	480	ue/diretivas/2024/32024L2853.md
32024L2853	Artigo 8.º	Operadores económicos responsáveis por produtos defeituosos	183	211	726	ue/diretivas/2024/32024L2853.md
32024L2853	Artigo 9.º	Apresentação de elementos de prova	213	227	653	ue/diretivas/2024/32024L2853.md
32024L2853	Artigo 10.º	Ónus da prova	229	249	456	ue/diretivas/2024/32024L2853.md
32024L2853	Artigo 11.º	Isenção de responsabilidade	251	277	490	ue/diretivas/2024/32024L2853.md
32024L2853	Artigo 12.º	Responsabilidade de diversos operadores económicos	281	289	324	ue/diretivas/2024/32024L2853.md
32024L2853	Artigo 13.º	Redução da responsabilidade	291	295	140	ue/diretivas/2024/32024L2853.md
32024L2853	Artigo 14.º	Direito de regresso	297	299	80	ue/diretivas/2024/32024L2853.md
32024L2853	Artigo 15.º	Exclusão ou limitação da responsabilidade	301	303	70	ue/diretivas/2024/32024L2853.md
32024L2853	Artigo 16.º	Prazo de prescrição	305	315	170	ue/diretivas/2024/32024L2853.md
32024L2853	Artigo 17.º	Prazo de caducidade	317	325	297	ue/diretivas/2024/32024L2853.md
32024L2853	Artigo 18.º	Derrogação à defesa baseada no risco de desenvolvimento	329	347	564	ue/diretivas/2024/32024L2853.md
32024L2853	Artigo 19.º	Transparência	349	353	129	ue/diretivas/2024/32024L2853.md
32024L2853	Artigo 20.º	Avaliação	355	357	116	ue/diretivas/2024/32024L2853.md
32024L2853	Artigo 21.º	Revogação e disposição transitória	359	363	110	ue/diretivas/2024/32024L2853.md
32024L2853	Artigo 22.º	Transposição	365	371	158	ue/diretivas/2024/32024L2853.md
32024L2853	Artigo 23.º	Entrada em vigor	373	375	38	ue/diretivas/2024/32024L2853.md
32024L2853	Artigo 24.º	Destinatários	377	379	24	ue/diretivas/2024/32024L2853.md
32024L2853	ANEXO		381	439	674	ue/diretivas/2024/32024L2853.md
32024L2881	Preâmbulo		22	148	9195	ue/diretivas/2024/32024L2881.md
32024L2881	Artigo 1.º	Objetivos	154	160	304	ue/diretivas/2024/32024L2881.md
32024L2881	Artigo 2.º	Objeto	162	176	224	ue/diretivas/2024/32024L2881.md
32024L2881	Artigo 3.º	Reexame periódico	178	212	972	ue/diretivas/2024/32024L2881.md
32024L2881	Artigo 4.º	Definições	214	306	2827	ue/diretivas/2024/32024L2881.md
32024L2881	Artigo 5.º	Responsabilidades	308	330	256	ue/diretivas/2024/32024L2881.md
32024L2881	Artigo 6.º	Designação de zonas e unidades territoriais de exposição média	332	334	102	ue/diretivas/2024/32024L2881.md
32024L2881	Artigo 7.º	Regime de avaliação	338	348	404	ue/diretivas/2024/32024L2881.md
32024L2881	Artigo 8.º	Critérios de avaliação	350	382	1182	ue/diretivas/2024/32024L2881.md
32024L2881	Artigo 9.º	Pontos de amostragem	384	410	1250	ue/diretivas/2024/32024L2881.md
32024L2881	Artigo 10.º	Superestações de monitorização	412	428	696	ue/diretivas/2024/32024L2881.md
32024L2881	Artigo 11.º	Métodos de medição de referência, aplicações de modelização e objetivos de qualidade dos dados	430	438	154	ue/diretivas/2024/32024L2881.md
32024L2881	Artigo 12.º	Requisitos aplicáveis caso os níveis sejam inferiores aos valores-limite, aos valores-alvo e aos objetivos em matéria de concentração da exposição média	442	452	486	ue/diretivas/2024/32024L2881.md
32024L2881	Artigo 13.º	Valores-limite, valores-alvo e obrigações de redução da exposição média	454	468	383	ue/diretivas/2024/32024L2881.md
32024L2881	Artigo 14.º	Níveis críticos para a proteção da vegetação e dos ecossistemas naturais	470	472	66	ue/diretivas/2024/32024L2881.md
32024L2881	Artigo 15.º	Excedências dos limiares de alerta ou de informação	474	484	449	ue/diretivas/2024/32024L2881.md
32024L2881	Artigo 16.º	Contribuição de poluentes provenientes de fontes naturais	486	500	400	ue/diretivas/2024/32024L2881.md
32024L2881	Artigo 17.º	Excedências imputáveis à areia ou ao sal utilizado nas estradas durante o inverno	502	514	416	ue/diretivas/2024/32024L2881.md
32024L2881	Artigo 18.º	Prorrogação dos prazos de cumprimento e isenção da obrigação de aplicar determinados valores-limite	516	566	2015	ue/diretivas/2024/32024L2881.md
32024L2881	Artigo 19.º	Planos de qualidade do ar e roteiros para a qualidade do ar	570	616	2482	ue/diretivas/2024/32024L2881.md
32024L2881	Artigo 20.º	Planos de ação a curto prazo	618	634	980	ue/diretivas/2024/32024L2881.md
32024L2881	Artigo 21.º	Poluição atmosférica transfronteiriça	636	658	1025	ue/diretivas/2024/32024L2881.md
32024L2881	Artigo 22.º	Informação do público	662	684	921	ue/diretivas/2024/32024L2881.md
32024L2881	Artigo 23.º	Transmissão de informações e dados	686	712	664	ue/diretivas/2024/32024L2881.md
32024L2881	Artigo 24.º	Alteração dos anexos	716	724	206	ue/diretivas/2024/32024L2881.md
32024L2881	Artigo 25.º	Exercício da delegação	726	738	466	ue/diretivas/2024/32024L2881.md
32024L2881	Artigo 26.º	Procedimento de comité	740	744	71	ue/diretivas/2024/32024L2881.md
32024L2881	Artigo 27.º	Acesso à justiça	748	766	619	ue/diretivas/2024/32024L2881.md
32024L2881	Artigo 28.º	Indemnização por danos para a saúde humana	768	774	280	ue/diretivas/2024/32024L2881.md
32024L2881	Artigo 29.º	Sanções	776	788	338	ue/diretivas/2024/32024L2881.md
32024L2881	Artigo 30.º	Transposição	792	798	318	ue/diretivas/2024/32024L2881.md
32024L2881	Artigo 31.º	Disposições revogatórias	800	804	160	ue/diretivas/2024/32024L2881.md
32024L2881	Artigo 32.º	Entrada em vigor e aplicação	806	810	109	ue/diretivas/2024/32024L2881.md
32024L2881	Artigo 33.º	Destinatários	812	874	1351	ue/diretivas/2024/32024L2881.md
32024L2881	ANEXO I	Normas de qualidade do ar	876	1062	2616	ue/diretivas/2024/32024L2881.md
32024L2881	ANEXO II	Limiares de avaliação	1064	1090	259	ue/diretivas/2024/32024L2881.md
32024L2881	ANEXO III	Número mínimo de pontos de amostragem para medições fixas	1092	1192	2212	ue/diretivas/2024/32024L2881.md
32024L2881	ANEXO IV	Avaliação da qualidade do ar ambiente e localização de pontos de amostragem	1194	1351	4822	ue/diretivas/2024/32024L2881.md
32024L2881	ANEXO V	Objetivos de qualidade dos dados	1353	1498	5316	ue/diretivas/2024/32024L2881.md
32024L2881	ANEXO VI	Métodos de referência para a avaliação de concentrações no ar ambiente e das taxas de deposição	1500	1590	3456	ue/diretivas/2024/32024L2881.md
32024L2881	ANEXO VII	Medições em superestações de monitorização e da concentração mássica e da composição química de PM2,5, substâncias precursoras de ozono e partículas ultrafinas	1592	1742	2694	ue/diretivas/2024/32024L2881.md
32024L2881	ANEXO VIII	Informações a incluir nos planos de qualidade do ar e roteiros para a qualidade do ar para a melhoria da qualidade do ar ambiente	1744	1892	2994	ue/diretivas/2024/32024L2881.md
32024L2881	ANEXO IX	Medidas de emergência a considerar para inclusão nos planos de ação a curto prazo exigidos pelo artigo 20.º	1894	1906	152	ue/diretivas/2024/32024L2881.md
32024L2881	ANEXO X	Informação do público	1908	1976	1168	ue/diretivas/2024/32024L2881.md
32024L2881	ANEXO XI		1978	1998	208	ue/diretivas/2024/32024L2881.md
32024L2881	ANEXO XII	Quadro de correspondência	2000	2048	579	ue/diretivas/2024/32024L2881.md
32024L2963	Preâmbulo		18	40	634	ue/diretivas/2024/32024L2963.md
32024L2963	Artigo 1.º	Alterações da Diretiva 2003/90/CE	44	46	43	ue/diretivas/2024/32024L2963.md
32024L2963	Artigo 2.º	Alterações da Diretiva 2003/91/CE	48	50	43	ue/diretivas/2024/32024L2963.md
32024L2963	Artigo 3.º	Transposição	52	60	202	ue/diretivas/2024/32024L2963.md
32024L2963	Artigo 4.º	Medidas transitórias	62	64	68	ue/diretivas/2024/32024L2963.md
32024L2963	Artigo 5.º	Entrada em vigor	66	68	38	ue/diretivas/2024/32024L2963.md
32024L2963	Artigo 6.º	Destinatários	70	88	290	ue/diretivas/2024/32024L2963.md
32024L2963	ANEXO		90	138	832	ue/diretivas/2024/32024L2963.md
32024L2963	ANEXO II		140	230	1594	ue/diretivas/2024/32024L2963.md
32024L2963	ANEXO II		232	248	164	ue/diretivas/2024/32024L2963.md
32024L2994	Preâmbulo		18	42	1356	ue/diretivas/2024/32024L2994.md
32024L2994	Artigo 1.º	Alteração da Diretiva 2009/65/CE	46	76	507	ue/diretivas/2024/32024L2994.md
32024L2994	Artigo 2.º	Alteração da Diretiva 2013/36/UE	78	112	701	ue/diretivas/2024/32024L2994.md
32024L2994	Artigo 3.º	Alteração da Diretiva (UE) 2019/2034	114	166	849	ue/diretivas/2024/32024L2994.md
32024L2994	Artigo 4.º	Transposição	168	174	158	ue/diretivas/2024/32024L2994.md
32024L2994	Artigo 5.º	Entrada em vigor	176	178	38	ue/diretivas/2024/32024L2994.md
32024L2994	Artigo 6.º	Destinatários	180	214	519	ue/diretivas/2024/32024L2994.md
32024L3010	Preâmbulo		18	54	1524	ue/diretivas/2024/32024L3010.md
32024L3010	Artigo 1.º	Alterações da Diretiva 2002/55/CE	58	60	40	ue/diretivas/2024/32024L3010.md
32024L3010	Artigo 2.º	Alterações da Diretiva 2002/57/CE	62	64	40	ue/diretivas/2024/32024L3010.md
32024L3010	Artigo 3.º	Alterações da Diretiva 93/61/CEE	66	68	38	ue/diretivas/2024/32024L3010.md
32024L3010	Artigo 4.º	Transposição	70	76	174	ue/diretivas/2024/32024L3010.md
32024L3010	Artigo 5.º	Entrada em vigor	78	80	38	ue/diretivas/2024/32024L3010.md
32024L3010	Artigo 6.º	Destinatários	82	110	585	ue/diretivas/2024/32024L3010.md
32024L3010	ANEXO		112	129	326	ue/diretivas/2024/32024L3010.md
32024L3017	Preâmbulo		18	80	2867	ue/diretivas/2024/32024L3017.md
32024L3017	Artigo 1.º	Alteração da Diretiva 2009/18/CE	84	96	202	ue/diretivas/2024/32024L3017.md
32024L3017	«Artigo 3.º	Definições	98	164	1207	ue/diretivas/2024/32024L3017.md
32024L3017	«Artigo 5.º	Dever de proceder à investigação	166	190	1108	ue/diretivas/2024/32024L3017.md
32024L3017	Artigo 6.º	Dever de notificação	192	218	711	ue/diretivas/2024/32024L3017.md
32024L3017	«Artigos 8.º	Autoridade de investigação de segurança	220	260	1431	ue/diretivas/2024/32024L3017.md
32024L3017	Artigo 9.º	Confidencialidade	262	330	1351	ue/diretivas/2024/32024L3017.md
32024L3017	«Artigo 14.º	Relatórios de acidentes	332	384	1141	ue/diretivas/2024/32024L3017.md
32024L3017	«Artigo 17.º-A	Formação e apoio operacional	386	394	288	ue/diretivas/2024/32024L3017.md
32024L3017	«Artigo 19.º	Procedimento de comité	396	400	112	ue/diretivas/2024/32024L3017.md
32024L3017	Artigo 20.º	Exercício da delegação	402	422	597	ue/diretivas/2024/32024L3017.md
32024L3017	«Artigo 20.º-A	Alteração do Código de Investigação de Acidentes da OMI	424	430	84	ue/diretivas/2024/32024L3017.md
32024L3017	«Artigo 23.º	Reexame da aplicação	432	489	429	ue/diretivas/2024/32024L3017.md
32024L3017	Artigo 2.º	Transposição	491	497	158	ue/diretivas/2024/32024L3017.md
32024L3017	Artigo 3.º	Revogação	499	501	29	ue/diretivas/2024/32024L3017.md
32024L3017	Artigo 4.º	Entrada em vigor	503	505	38	ue/diretivas/2024/32024L3017.md
32024L3017	Artigo 5.º	Destinatários	507	539	392	ue/diretivas/2024/32024L3017.md
32024L3019	Artigo 1.º	Objeto	28	30	194	ue/diretivas/2024/32024L3019.md
32024L3019	Artigo 2.º	Definições	32	106	1717	ue/diretivas/2024/32024L3019.md
32024L3019	Artigo 3.º	Sistemas coletores e cálculo da carga de uma aglomeração	108	158	780	ue/diretivas/2024/32024L3019.md
32024L3019	Artigo 4.º	Sistemas individuais	160	188	812	ue/diretivas/2024/32024L3019.md
32024L3019	Artigo 5.º	Planos integrados de gestão das águas residuais urbanas	190	234	1014	ue/diretivas/2024/32024L3019.md
32024L3019	Artigo 6.º	Tratamento secundário	236	294	1726	ue/diretivas/2024/32024L3019.md
32024L3019	Artigo 7.º	Tratamento terciário	296	354	1667	ue/diretivas/2024/32024L3019.md
32024L3019	Artigo 8.º	Tratamento quaternário	356	418	1867	ue/diretivas/2024/32024L3019.md
32024L3019	Artigo 9.º	Responsabilidade alargada do produtor	420	468	1265	ue/diretivas/2024/32024L3019.md
32024L3019	Artigo 10.º	Requisitos mínimos para as organizações em matéria de responsabilidade do produtor	470	528	1416	ue/diretivas/2024/32024L3019.md
32024L3019	Artigo 11.º	Neutralidade energética	530	554	1076	ue/diretivas/2024/32024L3019.md
32024L3019	Artigo 12.º	Cooperação transfronteiriça	556	566	365	ue/diretivas/2024/32024L3019.md
32024L3019	Artigo 13.º	Condições climáticas locais	568	570	178	ue/diretivas/2024/32024L3019.md
32024L3019	Artigo 14.º	Descargas de águas residuais não-domésticas	572	616	1572	ue/diretivas/2024/32024L3019.md
32024L3019	Artigo 15.º	Reutilização de água e descargas de águas residuais urbanas	618	648	1409	ue/diretivas/2024/32024L3019.md
32024L3019	Artigo 16.º	Águas residuais não-domésticas biodegradáveis	650	658	215	ue/diretivas/2024/32024L3019.md
32024L3019	Artigo 17.º	Vigilância das águas residuais urbanas	660	690	970	ue/diretivas/2024/32024L3019.md
32024L3019	Artigo 18.º	Avaliação e gestão dos riscos	692	724	898	ue/diretivas/2024/32024L3019.md
32024L3019	Artigo 19.º	Acesso ao saneamento	726	740	394	ue/diretivas/2024/32024L3019.md
32024L3019	Artigo 20.º	Valorização de lamas e de recursos	742	752	345	ue/diretivas/2024/32024L3019.md
32024L3019	Artigo 21.º	Monitorização	754	804	1730	ue/diretivas/2024/32024L3019.md
32024L3019	Artigo 22.º	Informações sobre a monitorização da execução	806	842	1398	ue/diretivas/2024/32024L3019.md
32024L3019	Artigo 23.º	Programa nacional de execução	844	868	954	ue/diretivas/2024/32024L3019.md
32024L3019	Artigo 24.º	Informação ao público	870	890	752	ue/diretivas/2024/32024L3019.md
32024L3019	Artigo 25.º	Acesso à justiça	892	906	345	ue/diretivas/2024/32024L3019.md
32024L3019	Artigo 26.º	Compensação	908	918	425	ue/diretivas/2024/32024L3019.md
32024L3019	Artigo 27.º	Exercício da delegação	920	932	542	ue/diretivas/2024/32024L3019.md
32024L3019	Artigo 28.º	Procedimento de comité	934	938	102	ue/diretivas/2024/32024L3019.md
32024L3019	Artigo 29.º	Sanções	940	956	304	ue/diretivas/2024/32024L3019.md
32024L3019	Artigo 30.º	Avaliação	958	994	942	ue/diretivas/2024/32024L3019.md
32024L3019	Artigo 31.º	Revisão	996	998	96	ue/diretivas/2024/32024L3019.md
32024L3019	Artigo 32.º	Revogação e disposições transitórias	1000	1036	962	ue/diretivas/2024/32024L3019.md
32024L3019	Artigo 33.º	Transposição	1038	1044	240	ue/diretivas/2024/32024L3019.md
32024L3019	Artigo 34.º	Entrada em vigor e aplicação	1046	1050	64	ue/diretivas/2024/32024L3019.md
32024L3019	Artigo 35.º	Destinatários	1052	1054	24	ue/diretivas/2024/32024L3019.md
32024L3019	ANEXO I	REQUISITOS DE TRATAMENTO DAS ÁGUAS RESIDUAIS URBANAS	1056	1262	4204	ue/diretivas/2024/32024L3019.md
32024L3019	ANEXO II	ZONAS SENSÍVEIS À EUTROFIZAÇÃO	1264	1280	535	ue/diretivas/2024/32024L3019.md
32024L3019	ANEXO III	LISTA DE PRODUTOS ABRANGIDOS PELA RESPONSABILIDADE ALARGADA DO PRODUTOR	1282	1286	91	ue/diretivas/2024/32024L3019.md
32024L3019	ANEXO IV	SETORES INDUSTRIAIS	1288	1310	112	ue/diretivas/2024/32024L3019.md
32024L3019	ANEXO V	CONTEÚDO DOS PLANOS INTEGRADOS DE GESTÃO DAS ÁGUAS RESIDUAIS URBANAS	1312	1340	1034	ue/diretivas/2024/32024L3019.md
32024L3019	ANEXO VI	INFORMAÇÃO AO PÚBLICO	1342	1380	974	ue/diretivas/2024/32024L3019.md
32024L3019	ANEXO VII		1382	1403	272	ue/diretivas/2024/32024L3019.md
32024L3019	ANEXO VIII		1405	1531	1725	ue/diretivas/2024/32024L3019.md
32024L3099	Preâmbulo		18	92	4679	ue/diretivas/2024/32024L3099.md
32024L3099	Artigo 1.º	Alteração da Diretiva 2009/16/CE	96	171	1265	ue/diretivas/2024/32024L3099.md
32024L3099	«Artigo 6.º	Disposições pormenorizadas relativas ao cumprimento da obrigação de inspeção	173	183	282	ue/diretivas/2024/32024L3099.md
32024L3099	«Artigo 7.º	Disposições pormenorizadas relativas a uma obrigação de inspeção equilibrada em toda a União	185	422	5288	ue/diretivas/2024/32024L3099.md
32024L3099	«Artigo 24.º-A	Certificados eletrónicos	424	430	106	ue/diretivas/2024/32024L3099.md
32024L3099	«Artigo 25.º	Intercâmbio de informações e cooperação	432	446	305	ue/diretivas/2024/32024L3099.md
32024L3099	«Artigo 30.º	Controlo do cumprimento e do desempenho dos Estados-Membros	448	456	201	ue/diretivas/2024/32024L3099.md
32024L3099	«Artigo 30.º-A	Atos delegados	458	464	148	ue/diretivas/2024/32024L3099.md
32024L3099	«Artigo 31.º-A	Alterações às convenções	466	472	67	ue/diretivas/2024/32024L3099.md
32024L3099	«Artigo 33.º	Atos de execução	474	480	154	ue/diretivas/2024/32024L3099.md
32024L3099	«Artigo 35.º	Reexame da aplicação	482	502	334	ue/diretivas/2024/32024L3099.md
32024L3099	Artigo 2.º	Transposição	504	512	245	ue/diretivas/2024/32024L3099.md
32024L3099	Artigo 3.º	Entrada em vigor	514	516	38	ue/diretivas/2024/32024L3099.md
32024L3099	Artigo 4.º	Destinatários	518	550	442	ue/diretivas/2024/32024L3099.md
32024L3099	ANEXO I	«ANEXO I	552	648	3226	ue/diretivas/2024/32024L3099.md
32024L3099	ANEXO II	«ANEXO II	650	681	826	ue/diretivas/2024/32024L3099.md
32024L3099	ANEXO III	«ANEXO IV	683	809	2132	ue/diretivas/2024/32024L3099.md
32024L3099	ANEXO IV	«ANEXO VI	811	919	670	ue/diretivas/2024/32024L3099.md
32024L3099	ANEXO V	«ANEXO VIII	921	943	905	ue/diretivas/2024/32024L3099.md
32024L3099	ANEXO VI	«ANEXO XII	945	967	374	ue/diretivas/2024/32024L3099.md
32024L3100	Preâmbulo		18	84	3482	ue/diretivas/2024/32024L3100.md
32024L3100	Artigo 1.º	Alteração da Diretiva 2009/21/CE	88	102	141	ue/diretivas/2024/32024L3100.md
32024L3100	«Artigo 2.º	Âmbito de aplicação	104	155	1112	ue/diretivas/2024/32024L3100.md
32024L3100	«Artigo 4.º-A	Segurança de navios que arvoram a bandeira de um Estado-Membro	157	187	755	ue/diretivas/2024/32024L3100.md
32024L3100	Artigo 4.º-B	Requisitos de segurança e de prevenção da poluição	189	195	204	ue/diretivas/2024/32024L3100.md
32024L3100	Artigo 4.º-C	Formação e desenvolvimento das capacidades	197	207	317	ue/diretivas/2024/32024L3100.md
32024L3100	«Artigo 5.º	Detenção de um navio que arvora a bandeira de um Estado-Membro	209	217	162	ue/diretivas/2024/32024L3100.md
32024L3100	«Artigo 6.º	Informação e intercâmbio eletrónicos	219	241	374	ue/diretivas/2024/32024L3100.md
32024L3100	«Artigo 6.º-A	Base de dados de informações sobre navios	243	263	668	ue/diretivas/2024/32024L3100.md
32024L3100	«Artigo 7.º	Monitorização do cumprimento e do desempenho dos Estados-Membros	265	273	187	ue/diretivas/2024/32024L3100.md
32024L3100	«Artigo 8.º	Sistema de gestão da qualidade e avaliação interna	275	293	642	ue/diretivas/2024/32024L3100.md
32024L3100	«Artigo 9.º	Relatórios e revisão	295	301	68	ue/diretivas/2024/32024L3100.md
32024L3100	«Artigo 9.º-A	Intercâmbio de boas práticas e de experiências	303	307	173	ue/diretivas/2024/32024L3100.md
32024L3100	Artigo 9.º-B	Informações e dados	309	317	124	ue/diretivas/2024/32024L3100.md
32024L3100	«Artigo 10.º	Procedimento de comité	319	327	186	ue/diretivas/2024/32024L3100.md
32024L3100	«Artigo 10.º-A	Alterações às convenções e ao Código III	329	345	349	ue/diretivas/2024/32024L3100.md
32024L3100	Artigo 2.º	Transposição	347	351	118	ue/diretivas/2024/32024L3100.md
32024L3100	Artigo 3.º	Entrada em vigor	353	355	38	ue/diretivas/2024/32024L3100.md
32024L3100	Artigo 4.º	Destinatários	357	391	446	ue/diretivas/2024/32024L3100.md
32024L3101	Preâmbulo		18	110	7274	ue/diretivas/2024/32024L3101.md
32024L3101	Artigo 1.º	Alteração da Diretiva 2005/35/CE	114	124	113	ue/diretivas/2024/32024L3101.md
32024L3101	«Artigo 1.º	Objeto	126	134	199	ue/diretivas/2024/32024L3101.md
32024L3101	«Artigo 2.º	Definições	136	156	583	ue/diretivas/2024/32024L3101.md
32024L3101	«Artigo 4.º	Infrações e exceções	158	180	540	ue/diretivas/2024/32024L3101.md
32024L3101	«Artigo 6.º	Medidas de aplicação relativas a navios que se encontram num porto de um Estado-Membro	182	192	282	ue/diretivas/2024/32024L3101.md
32024L3101	«Artigo 8.º	Sanções administrativas	194	206	481	ue/diretivas/2024/32024L3101.md
32024L3101	«Artigo 8.º-D	Aplicação efetiva das sanções	208	232	501	ue/diretivas/2024/32024L3101.md
32024L3101	«Artigo 10.º	Intercâmbio de informações e de experiência	234	254	910	ue/diretivas/2024/32024L3101.md
32024L3101	«Artigo 10.º-A	Relatórios	256	272	529	ue/diretivas/2024/32024L3101.md
32024L3101	Artigo 10.º-B	Formação	274	276	105	ue/diretivas/2024/32024L3101.md
32024L3101	Artigo 10.º-C	Publicação da informação	278	282	213	ue/diretivas/2024/32024L3101.md
32024L3101	Artigo 10.º-D	Proteção das pessoas que denunciam potenciais infrações e proteção dos seus dados pessoais	284	300	601	ue/diretivas/2024/32024L3101.md
32024L3101	«Artigo 12.º-A	Avaliação e revisão	302	318	276	ue/diretivas/2024/32024L3101.md
32024L3101	«Artigo 13.º	Procedimento de Comité	320	332	316	ue/diretivas/2024/32024L3101.md
32024L3101	«Artigo 16.º	Transposição	334	342	132	ue/diretivas/2024/32024L3101.md
32024L3101	Artigo 2.º	Transposição	344	350	160	ue/diretivas/2024/32024L3101.md
32024L3101	Artigo 3.º	Aplicação da Diretiva 2009/123/CE	352	354	106	ue/diretivas/2024/32024L3101.md
32024L3101	Artigo 4.º	Entrada em vigor	356	358	38	ue/diretivas/2024/32024L3101.md
32024L3101	Artigo 5.º	Destinatários	360	416	1232	ue/diretivas/2024/32024L3101.md
32024L3101	ANEXO	«ANEXO I	418	430	558	ue/diretivas/2024/32024L3101.md
32024L3101	ANEXO II	Informações que devem constar da análise global à escala da União publicada pela Comissão, referida no artigo 10.º-C	432	476	669	ue/diretivas/2024/32024L3101.md
32024L3237	Preâmbulo		18	124	9068	ue/diretivas/2024/32024L3237.md
32024L3237	Artigo 1.º		128	138	110	ue/diretivas/2024/32024L3237.md
32024L3237	«Artigo 1.º	Objetivo	140	275	3065	ue/diretivas/2024/32024L3237.md
32024L3237	«Artigo 3.º-A	Pontos de contacto nacionais	277	295	329	ue/diretivas/2024/32024L3237.md
32024L3237	«Artigo 4.º	Procedimentos de intercâmbio de dados relativos ao registo de veículos e de assistência mútua entre os Estados-Membros	297	337	1018	ue/diretivas/2024/32024L3237.md
32024L3237	«Artigo 4.º-A	Registos nacionais de veículos	339	347	170	ue/diretivas/2024/32024L3237.md
32024L3237	«Artigo 5.º	Notificação da infração rodoviária	349	409	2071	ue/diretivas/2024/32024L3237.md
32024L3237	«Artigo 5.º-A	Notificação da infração rodoviária e dos documentos processuais subsequentes	411	419	435	ue/diretivas/2024/32024L3237.md
32024L3237	Artigo 5.º-B	Tradução da notificação da infração rodoviária e dos documentos processuais subsequentes essenciais	421	435	623	ue/diretivas/2024/32024L3237.md
32024L3237	Artigo 5.º-C	Assistência mútua na identificação da pessoa visada	437	489	1678	ue/diretivas/2024/32024L3237.md
32024L3237	Artigo 5.º-D	Medidas nacionais que facilitam a identificação da pessoa responsável	491	499	304	ue/diretivas/2024/32024L3237.md
32024L3237	Artigo 5.º-E	Assistência mútua na notificação da infração rodoviária e dos documentos processuais subsequentes	501	523	621	ue/diretivas/2024/32024L3237.md
32024L3237	Artigo 5.º-F	Assistência mútua em matéria de execução	525	569	1344	ue/diretivas/2024/32024L3237.md
32024L3237	Artigo 5.º-G	Especificações técnicas para o intercâmbio de dados relativos ao registo de veículos e a assistência mútua	571	597	875	ue/diretivas/2024/32024L3237.md
32024L3237	Artigo 5.º-H	Entidades jurídicas privadas	599	609	360	ue/diretivas/2024/32024L3237.md
32024L3237	«Artigo 6.º	Relatórios e monitorização	611	637	781	ue/diretivas/2024/32024L3237.md
32024L3237	«Artigo 7.º	Obrigações adicionais	639	647	248	ue/diretivas/2024/32024L3237.md
32024L3237	«Artigo 7.º-A	Apoio financeiro à cooperação transfronteiriça	649	655	199	ue/diretivas/2024/32024L3237.md
32024L3237	«Artigo 8.º	Portal de informações sobre infrações às regras de trânsito relacionadas com a segurança rodoviária (Portal CBE)	657	667	498	ue/diretivas/2024/32024L3237.md
32024L3237	«Artigo 8.º-A	Acordos bilaterais ou multilaterais entre os Estados-Membros	669	675	117	ue/diretivas/2024/32024L3237.md
32024L3237	«Artigo 9.º	Atos delegados	677	683	83	ue/diretivas/2024/32024L3237.md
32024L3237	«Artigo 10.º-A	Procedimento de comité	685	691	118	ue/diretivas/2024/32024L3237.md
32024L3237	Artigo 10.º-B	Relatório da Comissão	693	695	76	ue/diretivas/2024/32024L3237.md
32024L3237	Artigo 10.º-C	Relatórios transitórios	697	707	294	ue/diretivas/2024/32024L3237.md
32024L3237	«Artigo 11.º	Revisão	709	717	154	ue/diretivas/2024/32024L3237.md
32024L3237	Artigo 2.º	Transposição	719	725	174	ue/diretivas/2024/32024L3237.md
32024L3237	Artigo 3.º	Entrada em vigor	727	729	38	ue/diretivas/2024/32024L3237.md
32024L3237	Artigo 4.º	Destinatários	731	785	1188	ue/diretivas/2024/32024L3237.md
32024L3237	ANEXO	Dados necessários para efetuar a pesquisa referida no artigo 4.º, n.os 1 e 3	787	951	3494	ue/diretivas/2024/32024L3237.md
